0	2000-01-01	1.0	1.0
1	2000-01-02	1.0	1.0
2	2000-01-03	1.0	1.0
3	2000-01-04	1.0	1.0
4	2000-01-05	1.0	1.0
5	2000-01-06	1.0	1.0
6	2000-01-07	1.0	1.0
7	2000-01-08	1.0	1.0
8	2000-01-09	1.0	1.0
9	2000-01-10	1.0	1.0
10	2000-01-11	1.0	1.0
11	2000-01-12	1.0	1.0
12	2000-01-13	1.0	1.0
13	2000-01-14	1.0	1.0
14	2000-01-15	1.0	1.0
15	2000-01-16	1.0	1.0
16	2000-01-17	1.0	1.0
17	2000-01-18	1.0	1.0
18	2000-01-19	0.95	0.615384615385
19	2000-01-20	0.95	0.615384615385
20	2000-01-21	1.0	1.0
21	2000-01-22	1.0	1.0
22	2000-01-23	1.0	1.0
23	2000-01-24	1.0	1.0
24	2000-01-25	0.95	0.615384615385
25	2000-01-26	1.0	1.0
26	2000-01-27	1.0	1.0
27	2000-01-28	1.0	1.0
28	2000-01-29	1.0	1.0
29	2000-01-30	1.0	1.0
30	2000-01-31	1.0	1.0
31	2000-02-01	1.0	1.0
32	2000-02-02	1.0	1.0
33	2000-02-03	1.0	1.0
34	2000-02-04	1.0	1.0
35	2000-02-05	1.0	1.0
36	2000-02-06	1.0	1.0
37	2000-02-07	1.0	1.0
38	2000-02-08	0.97	0.769230769231
39	2000-02-09	0.95	0.615384615385
40	2000-02-10	0.95	0.615384615385
41	2000-02-11	0.96	0.692307692308
42	2000-02-12	1.0	1.0
43	2000-02-13	0.94	0.538461538462
44	2000-02-14	0.94	0.538461538462
45	2000-02-15	0.96	0.692307692308
46	2000-02-16	1.0	1.0
47	2000-02-17	0.94	0.538461538462
48	2000-02-18	0.96	0.692307692308
49	2000-02-19	1.0	1.0
50	2000-02-20	0.96	0.692307692308
51	2000-02-21	0.95	0.615384615385
52	2000-02-22	1.0	1.0
53	2000-02-23	1.0	1.0
54	2000-02-24	1.0	1.0
55	2000-02-25	1.0	1.0
56	2000-02-26	1.0	1.0
57	2000-02-27	1.0	1.0
58	2000-02-28	1.0	1.0
59	2000-02-29	0.95	0.615384615385
60	2000-03-01	0.94	0.538461538462
61	2000-03-02	0.94	0.538461538462
62	2000-03-03	0.94	0.538461538462
63	2000-03-04	1.0	1.0
64	2000-03-05	1.0	1.0
65	2000-03-06	1.0	1.0
66	2000-03-07	1.0	1.0
67	2000-03-08	1.0	1.0
68	2000-03-09	0.96	0.692307692308
69	2000-03-10	1.0	1.0
70	2000-03-11	1.0	1.0
71	2000-03-12	1.0	1.0
72	2000-03-13	1.0	1.0
73	2000-03-14	1.0	1.0
74	2000-03-15	1.0	1.0
75	2000-03-16	1.0	1.0
76	2000-03-17	1.0	1.0
77	2000-03-18	1.0	1.0
78	2000-03-19	1.0	1.0
79	2000-03-20	0.96	0.692307692308
80	2000-03-21	0.95	0.615384615385
81	2000-03-22	0.96	0.692307692308
82	2000-03-23	0.95	0.615384615385
83	2000-03-24	0.96	0.692307692308
84	2000-03-25	0.95	0.615384615385
85	2000-03-26	0.95	0.615384615385
86	2000-03-27	0.95	0.615384615385
87	2000-03-28	0.95	0.615384615385
88	2000-03-29	1.0	1.0
89	2000-03-30	1.0	1.0
90	2000-03-31	1.0	1.0
91	2000-04-01	1.0	1.0
92	2000-04-02	1.0	1.0
93	2000-04-03	1.0	1.0
94	2000-04-04	1.0	1.0
95	2000-04-05	1.0	1.0
96	2000-04-06	1.0	1.0
97	2000-04-07	1.0	1.0
98	2000-04-08	0.97	0.769230769231
99	2000-04-09	1.0	1.0
100	2000-04-10	1.0	1.0
101	2000-04-11	1.0	1.0
102	2000-04-12	1.0	1.0
103	2000-04-13	0.96	0.692307692308
104	2000-04-14	0.95	0.615384615385
105	2000-04-15	0.94	0.538461538462
106	2000-04-16	0.93	0.461538461538
107	2000-04-17	0.96	0.692307692308
108	2000-04-18	1.0	1.0
109	2000-04-19	1.0	1.0
110	2000-04-20	1.0	1.0
111	2000-04-21	1.0	1.0
112	2000-04-22	0.96	0.692307692308
113	2000-04-23	0.96	0.692307692308
114	2000-04-24	0.95	0.615384615385
115	2000-04-25	0.95	0.615384615385
116	2000-04-26	0.94	0.538461538462
117	2000-04-27	0.95	0.615384615385
118	2000-04-28	0.97	0.769230769231
119	2000-04-29	0.95	0.615384615385
120	2000-04-30	0.95	0.615384615385
121	2000-05-01	0.95	0.615384615385
122	2000-05-02	0.95	0.615384615385
123	2000-05-03	1.0	1.0
124	2000-05-04	1.0	1.0
125	2000-05-05	1.0	1.0
126	2000-05-06	0.96	0.692307692308
127	2000-05-07	0.94	0.538461538462
128	2000-05-08	0.94	0.538461538462
129	2000-05-09	1.0	1.0
130	2000-05-10	1.0	1.0
131	2000-05-11	1.0	1.0
132	2000-05-12	0.96	0.692307692308
133	2000-05-13	0.96	0.692307692308
134	2000-05-14	0.95	0.615384615385
135	2000-05-15	0.94	0.538461538462
136	2000-05-16	0.94	0.538461538462
137	2000-05-17	0.94	0.538461538462
138	2000-05-18	0.94	0.538461538462
139	2000-05-19	0.93	0.461538461538
140	2000-05-20	0.93	0.461538461538
141	2000-05-21	0.93	0.461538461538
142	2000-05-22	0.92	0.384615384615
143	2000-05-23	0.92	0.384615384615
144	2000-05-24	0.92	0.384615384615
145	2000-05-25	0.91	0.307692307692
146	2000-05-26	0.91	0.307692307692
147	2000-05-27	0.91	0.307692307692
148	2000-05-28	0.92	0.384615384615
149	2000-05-29	0.91	0.307692307692
150	2000-05-30	0.92	0.384615384615
151	2000-05-31	0.92	0.384615384615
152	2000-06-01	0.92	0.384615384615
153	2000-06-02	0.91	0.307692307692
154	2000-06-03	0.91	0.307692307692
155	2000-06-04	0.91	0.307692307692
156	2000-06-05	0.91	0.307692307692
157	2000-06-06	0.91	0.307692307692
158	2000-06-07	0.91	0.307692307692
159	2000-06-08	0.91	0.307692307692
160	2000-06-09	0.91	0.307692307692
161	2000-06-10	0.91	0.307692307692
162	2000-06-11	0.91	0.307692307692
163	2000-06-12	0.91	0.307692307692
164	2000-06-13	0.91	0.307692307692
165	2000-06-14	0.91	0.307692307692
166	2000-06-15	0.91	0.307692307692
167	2000-06-16	0.91	0.307692307692
168	2000-06-17	0.92	0.384615384615
169	2000-06-18	0.93	0.461538461538
170	2000-06-19	0.94	0.538461538462
171	2000-06-20	0.92	0.384615384615
172	2000-06-21	0.91	0.307692307692
173	2000-06-22	0.9	0.230769230769
174	2000-06-23	0.9	0.230769230769
175	2000-06-24	0.91	0.307692307692
176	2000-06-25	0.9	0.230769230769
177	2000-06-26	0.89	0.153846153846
178	2000-06-27	0.9	0.230769230769
179	2000-06-28	0.9	0.230769230769
180	2000-06-29	0.9	0.230769230769
181	2000-06-30	0.91	0.307692307692
182	2000-07-01	0.9	0.230769230769
183	2000-07-02	0.9	0.230769230769
184	2000-07-03	0.9	0.230769230769
185	2000-07-04	0.9	0.230769230769
186	2000-07-05	0.9	0.230769230769
187	2000-07-06	0.9	0.230769230769
188	2000-07-07	0.89	0.153846153846
189	2000-07-08	0.89	0.153846153846
190	2000-07-09	0.89	0.153846153846
191	2000-07-10	0.89	0.153846153846
192	2000-07-11	0.89	0.153846153846
193	2000-07-12	0.89	0.153846153846
194	2000-07-13	0.9	0.230769230769
195	2000-07-14	0.9	0.230769230769
196	2000-07-15	0.9	0.230769230769
197	2000-07-16	0.9	0.230769230769
198	2000-07-17	0.9	0.230769230769
199	2000-07-18	0.9	0.230769230769
200	2000-07-19	0.9	0.230769230769
201	2000-07-20	0.9	0.230769230769
202	2000-07-21	0.9	0.230769230769
203	2000-07-22	0.9	0.230769230769
204	2000-07-23	0.89	0.153846153846
205	2000-07-24	0.9	0.230769230769
206	2000-07-25	0.9	0.230769230769
207	2000-07-26	0.9	0.230769230769
208	2000-07-27	0.9	0.230769230769
209	2000-07-28	0.9	0.230769230769
210	2000-07-29	0.9	0.230769230769
211	2000-07-30	0.9	0.230769230769
212	2000-07-31	0.9	0.230769230769
213	2000-08-01	0.9	0.230769230769
214	2000-08-02	0.89	0.153846153846
215	2000-08-03	0.89	0.153846153846
216	2000-08-04	0.89	0.153846153846
217	2000-08-05	0.89	0.153846153846
218	2000-08-06	0.9	0.230769230769
219	2000-08-07	0.9	0.230769230769
220	2000-08-08	0.9	0.230769230769
221	2000-08-09	0.89	0.153846153846
222	2000-08-10	0.9	0.230769230769
223	2000-08-11	0.9	0.230769230769
224	2000-08-12	0.89	0.153846153846
225	2000-08-13	0.89	0.153846153846
226	2000-08-14	0.9	0.230769230769
227	2000-08-15	0.9	0.230769230769
228	2000-08-16	0.9	0.230769230769
229	2000-08-17	0.91	0.307692307692
230	2000-08-18	0.9	0.230769230769
231	2000-08-19	0.9	0.230769230769
232	2000-08-20	0.9	0.230769230769
233	2000-08-21	0.9	0.230769230769
234	2000-08-22	0.9	0.230769230769
235	2000-08-23	0.9	0.230769230769
236	2000-08-24	0.9	0.230769230769
237	2000-08-25	0.9	0.230769230769
238	2000-08-26	0.89	0.153846153846
239	2000-08-27	0.9	0.230769230769
240	2000-08-28	0.9	0.230769230769
241	2000-08-29	0.9	0.230769230769
242	2000-08-30	0.9	0.230769230769
243	2000-08-31	0.9	0.230769230769
244	2000-09-01	0.91	0.307692307692
245	2000-09-02	0.93	0.461538461538
246	2000-09-03	0.94	0.538461538462
247	2000-09-04	0.95	0.615384615385
248	2000-09-05	0.93	0.461538461538
249	2000-09-06	0.93	0.461538461538
250	2000-09-07	0.92	0.384615384615
251	2000-09-08	0.92	0.384615384615
252	2000-09-09	0.93	0.461538461538
253	2000-09-10	0.93	0.461538461538
254	2000-09-11	0.93	0.461538461538
255	2000-09-12	0.93	0.461538461538
256	2000-09-13	0.92	0.384615384615
257	2000-09-14	0.92	0.384615384615
258	2000-09-15	0.93	0.461538461538
259	2000-09-16	0.93	0.461538461538
260	2000-09-17	0.94	0.538461538462
261	2000-09-18	0.94	0.538461538462
262	2000-09-19	0.94	0.538461538462
263	2000-09-20	0.93	0.461538461538
264	2000-09-21	0.94	0.538461538462
265	2000-09-22	0.93	0.461538461538
266	2000-09-23	0.94	0.538461538462
267	2000-09-24	0.94	0.538461538462
268	2000-09-25	0.93	0.461538461538
269	2000-09-26	0.92	0.384615384615
270	2000-09-27	0.92	0.384615384615
271	2000-09-28	0.93	0.461538461538
272	2000-09-29	0.93	0.461538461538
273	2000-09-30	0.92	0.384615384615
274	2000-10-01	0.92	0.384615384615
275	2000-10-02	0.93	0.461538461538
276	2000-10-03	0.93	0.461538461538
277	2000-10-04	0.92	0.384615384615
278	2000-10-05	0.92	0.384615384615
279	2000-10-06	0.91	0.307692307692
280	2000-10-07	0.91	0.307692307692
281	2000-10-08	1.0	1.0
282	2000-10-09	1.0	1.0
283	2000-10-10	1.0	1.0
284	2000-10-11	1.0	1.0
285	2000-10-12	1.0	1.0
286	2000-10-13	1.0	1.0
287	2000-10-14	1.0	1.0
288	2000-10-15	1.0	1.0
289	2000-10-16	1.0	1.0
290	2000-10-17	1.0	1.0
291	2000-10-18	1.0	1.0
292	2000-10-19	0.96	0.692307692308
293	2000-10-20	0.96	0.692307692308
294	2000-10-21	0.96	0.692307692308
295	2000-10-22	1.0	1.0
296	2000-10-23	1.0	1.0
297	2000-10-24	1.0	1.0
298	2000-10-25	0.96	0.692307692308
299	2000-10-26	0.96	0.692307692308
300	2000-10-27	0.96	0.692307692308
301	2000-10-28	1.0	1.0
302	2000-10-29	1.0	1.0
303	2000-10-30	1.0	1.0
304	2000-10-31	1.0	1.0
305	2000-11-01	1.0	1.0
306	2000-11-02	1.0	1.0
307	2000-11-03	1.0	1.0
308	2000-11-04	1.0	1.0
309	2000-11-05	1.0	1.0
310	2000-11-06	1.0	1.0
311	2000-11-07	1.0	1.0
312	2000-11-08	0.96	0.692307692308
313	2000-11-09	0.95	0.615384615385
314	2000-11-10	1.0	1.0
315	2000-11-11	1.0	1.0
316	2000-11-12	1.0	1.0
317	2000-11-13	1.0	1.0
318	2000-11-14	1.0	1.0
319	2000-11-15	1.0	1.0
320	2000-11-16	1.0	1.0
321	2000-11-17	1.0	1.0
322	2000-11-18	1.0	1.0
323	2000-11-19	1.0	1.0
324	2000-11-20	1.0	1.0
325	2000-11-21	1.0	1.0
326	2000-11-22	1.0	1.0
327	2000-11-23	0.96	0.692307692308
328	2000-11-24	1.0	1.0
329	2000-11-25	1.0	1.0
330	2000-11-26	1.0	1.0
331	2000-11-27	0.95	0.615384615385
332	2000-11-28	0.95	0.615384615385
333	2000-11-29	0.94	0.538461538462
334	2000-11-30	0.95	0.615384615385
335	2000-12-01	0.95	0.615384615385
336	2000-12-02	0.95	0.615384615385
337	2000-12-03	0.95	0.615384615385
338	2000-12-04	0.95	0.615384615385
339	2000-12-05	1.0	1.0
340	2000-12-06	0.95	0.615384615385
341	2000-12-07	0.95	0.615384615385
342	2000-12-08	1.0	1.0
343	2000-12-09	0.95	0.615384615385
344	2000-12-10	0.95	0.615384615385
345	2000-12-11	1.0	1.0
346	2000-12-12	1.0	1.0
347	2000-12-13	1.0	1.0
348	2000-12-14	1.0	1.0
349	2000-12-15	1.0	1.0
350	2000-12-16	1.0	1.0
351	2000-12-17	1.0	1.0
352	2000-12-18	1.0	1.0
353	2000-12-19	1.0	1.0
354	2000-12-20	1.0	1.0
355	2000-12-21	1.0	1.0
356	2000-12-22	1.0	1.0
357	2000-12-23	0.95	0.615384615385
358	2000-12-24	0.93	0.461538461538
359	2000-12-25	0.94	0.538461538462
360	2000-12-26	0.94	0.538461538462
361	2000-12-27	0.94	0.538461538462
362	2000-12-28	1.0	1.0
363	2000-12-29	1.0	1.0
364	2000-12-30	1.0	1.0
365	2000-12-31	1.0	1.0
366	2001-01-01	1.0	1.0
367	2001-01-02	1.0	1.0
368	2001-01-03	1.0	1.0
369	2001-01-04	1.0	1.0
370	2001-01-05	1.0	1.0
371	2001-01-06	1.0	1.0
372	2001-01-07	1.0	1.0
373	2001-01-08	1.0	1.0
374	2001-01-09	1.0	1.0
375	2001-01-10	1.0	1.0
376	2001-01-11	0.95	0.615384615385
377	2001-01-12	0.94	0.538461538462
378	2001-01-13	0.94	0.538461538462
379	2001-01-14	0.96	0.692307692308
380	2001-01-15	1.0	1.0
381	2001-01-16	1.0	1.0
382	2001-01-17	1.0	1.0
383	2001-01-18	1.0	1.0
384	2001-01-19	1.0	1.0
385	2001-01-20	1.0	1.0
386	2001-01-21	1.0	1.0
387	2001-01-22	1.0	1.0
388	2001-01-23	1.0	1.0
389	2001-01-24	1.0	1.0
390	2001-01-25	1.0	1.0
391	2001-01-26	1.0	1.0
392	2001-01-27	1.0	1.0
393	2001-01-28	1.0	1.0
394	2001-01-29	1.0	1.0
395	2001-01-30	1.0	1.0
396	2001-01-31	1.0	1.0
397	2001-02-01	1.0	1.0
398	2001-02-02	1.0	1.0
399	2001-02-03	1.0	1.0
400	2001-02-04	0.97	0.769230769231
401	2001-02-05	1.0	1.0
402	2001-02-06	1.0	1.0
403	2001-02-07	1.0	1.0
404	2001-02-08	1.0	1.0
405	2001-02-09	1.0	1.0
406	2001-02-10	0.96	0.692307692308
407	2001-02-11	0.94	0.538461538462
408	2001-02-12	0.94	0.538461538462
409	2001-02-13	0.97	0.769230769231
410	2001-02-14	1.0	1.0
411	2001-02-15	0.94	0.538461538462
412	2001-02-16	0.94	0.538461538462
413	2001-02-17	0.95	0.615384615385
414	2001-02-18	0.95	0.615384615385
415	2001-02-19	0.94	0.538461538462
416	2001-02-20	0.94	0.538461538462
417	2001-02-21	0.94	0.538461538462
418	2001-02-22	0.94	0.538461538462
419	2001-02-23	0.93	0.461538461538
420	2001-02-24	0.93	0.461538461538
421	2001-02-25	0.96	0.692307692308
422	2001-02-26	0.95	0.615384615385
423	2001-02-27	0.94	0.538461538462
424	2001-02-28	1.0	1.0
425	2001-03-01	1.0	1.0
426	2001-03-02	1.0	1.0
427	2001-03-03	1.0	1.0
428	2001-03-04	1.0	1.0
429	2001-03-05	1.0	1.0
430	2001-03-06	1.0	1.0
431	2001-03-07	1.0	1.0
432	2001-03-08	1.0	1.0
433	2001-03-09	1.0	1.0
434	2001-03-10	1.0	1.0
435	2001-03-11	1.0	1.0
436	2001-03-12	1.0	1.0
437	2001-03-13	1.0	1.0
438	2001-03-14	1.0	1.0
439	2001-03-15	0.96	0.692307692308
440	2001-03-16	0.96	0.692307692308
441	2001-03-17	0.96	0.692307692308
442	2001-03-18	0.96	0.692307692308
443	2001-03-19	0.96	0.692307692308
444	2001-03-20	1.0	1.0
445	2001-03-21	1.0	1.0
446	2001-03-22	1.0	1.0
447	2001-03-23	0.96	0.692307692308
448	2001-03-24	0.96	0.692307692308
449	2001-03-25	0.95	0.615384615385
450	2001-03-26	0.95	0.615384615385
451	2001-03-27	0.95	0.615384615385
452	2001-03-28	0.94	0.538461538462
453	2001-03-29	0.94	0.538461538462
454	2001-03-30	1.0	1.0
455	2001-03-31	1.0	1.0
456	2001-04-01	1.0	1.0
457	2001-04-02	1.0	1.0
458	2001-04-03	1.0	1.0
459	2001-04-04	1.0	1.0
460	2001-04-05	1.0	1.0
461	2001-04-06	1.0	1.0
462	2001-04-07	1.0	1.0
463	2001-04-08	1.0	1.0
464	2001-04-09	0.97	0.769230769231
465	2001-04-10	0.95	0.615384615385
466	2001-04-11	0.96	0.692307692308
467	2001-04-12	1.0	1.0
468	2001-04-13	1.0	1.0
469	2001-04-14	1.0	1.0
470	2001-04-15	0.96	0.692307692308
471	2001-04-16	0.94	0.538461538462
472	2001-04-17	0.95	0.615384615385
473	2001-04-18	0.95	0.615384615385
474	2001-04-19	0.93	0.461538461538
475	2001-04-20	0.96	0.692307692308
476	2001-04-21	1.0	1.0
477	2001-04-22	1.0	1.0
478	2001-04-23	0.95	0.615384615385
479	2001-04-24	0.95	0.615384615385
480	2001-04-25	0.94	0.538461538462
481	2001-04-26	0.95	0.615384615385
482	2001-04-27	1.0	1.0
483	2001-04-28	0.94	0.538461538462
484	2001-04-29	0.95	0.615384615385
485	2001-04-30	1.0	1.0
486	2001-05-01	1.0	1.0
487	2001-05-02	1.0	1.0
488	2001-05-03	0.97	0.769230769231
489	2001-05-04	0.95	0.615384615385
490	2001-05-05	0.94	0.538461538462
491	2001-05-06	0.93	0.461538461538
492	2001-05-07	0.92	0.384615384615
493	2001-05-08	0.92	0.384615384615
494	2001-05-09	0.92	0.384615384615
495	2001-05-10	0.92	0.384615384615
496	2001-05-11	0.92	0.384615384615
497	2001-05-12	0.92	0.384615384615
498	2001-05-13	0.92	0.384615384615
499	2001-05-14	0.93	0.461538461538
500	2001-05-15	0.93	0.461538461538
501	2001-05-16	0.93	0.461538461538
502	2001-05-17	1.0	1.0
503	2001-05-18	0.97	0.769230769231
504	2001-05-19	0.95	0.615384615385
505	2001-05-20	0.94	0.538461538462
506	2001-05-21	0.93	0.461538461538
507	2001-05-22	0.92	0.384615384615
508	2001-05-23	0.92	0.384615384615
509	2001-05-24	0.95	0.615384615385
510	2001-05-25	0.96	0.692307692308
511	2001-05-26	0.95	0.615384615385
512	2001-05-27	0.95	0.615384615385
513	2001-05-28	0.93	0.461538461538
514	2001-05-29	0.93	0.461538461538
515	2001-05-30	0.92	0.384615384615
516	2001-05-31	0.92	0.384615384615
517	2001-06-01	0.92	0.384615384615
518	2001-06-02	0.92	0.384615384615
519	2001-06-03	0.92	0.384615384615
520	2001-06-04	0.91	0.307692307692
521	2001-06-05	0.91	0.307692307692
522	2001-06-06	0.92	0.384615384615
523	2001-06-07	0.92	0.384615384615
524	2001-06-08	0.92	0.384615384615
525	2001-06-09	0.92	0.384615384615
526	2001-06-10	0.91	0.307692307692
527	2001-06-11	0.91	0.307692307692
528	2001-06-12	0.91	0.307692307692
529	2001-06-13	0.92	0.384615384615
530	2001-06-14	0.92	0.384615384615
531	2001-06-15	0.91	0.307692307692
532	2001-06-16	0.91	0.307692307692
533	2001-06-17	0.91	0.307692307692
534	2001-06-18	0.9	0.230769230769
535	2001-06-19	0.9	0.230769230769
536	2001-06-20	0.9	0.230769230769
537	2001-06-21	0.89	0.153846153846
538	2001-06-22	0.89	0.153846153846
539	2001-06-23	0.89	0.153846153846
540	2001-06-24	0.89	0.153846153846
541	2001-06-25	0.89	0.153846153846
542	2001-06-26	0.88	0.0769230769231
543	2001-06-27	0.89	0.153846153846
544	2001-06-28	0.88	0.0769230769231
545	2001-06-29	0.89	0.153846153846
546	2001-06-30	0.89	0.153846153846
547	2001-07-01	0.9	0.230769230769
548	2001-07-02	0.91	0.307692307692
549	2001-07-03	0.91	0.307692307692
550	2001-07-04	0.9	0.230769230769
551	2001-07-05	0.88	0.0769230769231
552	2001-07-06	0.88	0.0769230769231
553	2001-07-07	0.88	0.0769230769231
554	2001-07-08	0.89	0.153846153846
555	2001-07-09	0.89	0.153846153846
556	2001-07-10	0.9	0.230769230769
557	2001-07-11	0.89	0.153846153846
558	2001-07-12	0.89	0.153846153846
559	2001-07-13	0.91	0.307692307692
560	2001-07-14	0.91	0.307692307692
561	2001-07-15	0.9	0.230769230769
562	2001-07-16	0.9	0.230769230769
563	2001-07-17	0.9	0.230769230769
564	2001-07-18	0.9	0.230769230769
565	2001-07-19	0.9	0.230769230769
566	2001-07-20	0.9	0.230769230769
567	2001-07-21	0.9	0.230769230769
568	2001-07-22	0.9	0.230769230769
569	2001-07-23	0.9	0.230769230769
570	2001-07-24	0.9	0.230769230769
571	2001-07-25	0.9	0.230769230769
572	2001-07-26	0.9	0.230769230769
573	2001-07-27	0.9	0.230769230769
574	2001-07-28	0.89	0.153846153846
575	2001-07-29	0.89	0.153846153846
576	2001-07-30	0.89	0.153846153846
577	2001-07-31	0.9	0.230769230769
578	2001-08-01	0.9	0.230769230769
579	2001-08-02	0.9	0.230769230769
580	2001-08-03	0.9	0.230769230769
581	2001-08-04	0.9	0.230769230769
582	2001-08-05	0.9	0.230769230769
583	2001-08-06	0.9	0.230769230769
584	2001-08-07	0.9	0.230769230769
585	2001-08-08	0.9	0.230769230769
586	2001-08-09	0.9	0.230769230769
587	2001-08-10	0.9	0.230769230769
588	2001-08-11	0.9	0.230769230769
589	2001-08-12	0.9	0.230769230769
590	2001-08-13	0.92	0.384615384615
591	2001-08-14	0.92	0.384615384615
592	2001-08-15	0.91	0.307692307692
593	2001-08-16	0.91	0.307692307692
594	2001-08-17	0.9	0.230769230769
595	2001-08-18	0.9	0.230769230769
596	2001-08-19	0.89	0.153846153846
597	2001-08-20	0.89	0.153846153846
598	2001-08-21	0.89	0.153846153846
599	2001-08-22	0.89	0.153846153846
600	2001-08-23	0.9	0.230769230769
601	2001-08-24	0.9	0.230769230769
602	2001-08-25	0.9	0.230769230769
603	2001-08-26	0.9	0.230769230769
604	2001-08-27	0.9	0.230769230769
605	2001-08-28	0.92	0.384615384615
606	2001-08-29	0.95	0.615384615385
607	2001-08-30	0.95	0.615384615385
608	2001-08-31	0.95	0.615384615385
609	2001-09-01	0.95	0.615384615385
610	2001-09-02	0.95	0.615384615385
611	2001-09-03	0.95	0.615384615385
612	2001-09-04	0.93	0.461538461538
613	2001-09-05	0.92	0.384615384615
614	2001-09-06	0.91	0.307692307692
615	2001-09-07	0.91	0.307692307692
616	2001-09-08	0.91	0.307692307692
617	2001-09-09	0.91	0.307692307692
618	2001-09-10	0.91	0.307692307692
619	2001-09-11	0.91	0.307692307692
620	2001-09-12	0.91	0.307692307692
621	2001-09-13	0.91	0.307692307692
622	2001-09-14	0.93	0.461538461538
623	2001-09-15	0.93	0.461538461538
624	2001-09-16	0.92	0.384615384615
625	2001-09-17	0.92	0.384615384615
626	2001-09-18	0.92	0.384615384615
627	2001-09-19	0.92	0.384615384615
628	2001-09-20	0.92	0.384615384615
629	2001-09-21	0.92	0.384615384615
630	2001-09-22	0.93	0.461538461538
631	2001-09-23	0.94	0.538461538462
632	2001-09-24	0.96	0.692307692308
633	2001-09-25	0.95	0.615384615385
634	2001-09-26	0.92	0.384615384615
635	2001-09-27	0.92	0.384615384615
636	2001-09-28	0.92	0.384615384615
637	2001-09-29	0.92	0.384615384615
638	2001-09-30	0.95	0.615384615385
639	2001-10-01	0.94	0.538461538462
640	2001-10-02	0.93	0.461538461538
641	2001-10-03	0.91	0.307692307692
642	2001-10-04	0.91	0.307692307692
643	2001-10-05	0.92	0.384615384615
644	2001-10-06	0.94	0.538461538462
645	2001-10-07	0.95	0.615384615385
646	2001-10-08	0.96	0.692307692308
647	2001-10-09	0.96	0.692307692308
648	2001-10-10	0.95	0.615384615385
649	2001-10-11	0.94	0.538461538462
650	2001-10-12	0.94	0.538461538462
651	2001-10-13	0.94	0.538461538462
652	2001-10-14	0.95	0.615384615385
653	2001-10-15	0.95	0.615384615385
654	2001-10-16	0.95	0.615384615385
655	2001-10-17	0.95	0.615384615385
656	2001-10-18	0.95	0.615384615385
657	2001-10-19	0.96	0.692307692308
658	2001-10-20	1.0	1.0
659	2001-10-21	1.0	1.0
660	2001-10-22	0.97	0.769230769231
661	2001-10-23	1.0	1.0
662	2001-10-24	1.0	1.0
663	2001-10-25	1.0	1.0
664	2001-10-26	1.0	1.0
665	2001-10-27	1.0	1.0
666	2001-10-28	1.0	1.0
667	2001-10-29	0.95	0.615384615385
668	2001-10-30	0.95	0.615384615385
669	2001-10-31	0.96	0.692307692308
670	2001-11-01	1.0	1.0
671	2001-11-02	1.0	1.0
672	2001-11-03	1.0	1.0
673	2001-11-04	1.0	1.0
674	2001-11-05	1.0	1.0
675	2001-11-06	1.0	1.0
676	2001-11-07	1.0	1.0
677	2001-11-08	0.96	0.692307692308
678	2001-11-09	0.95	0.615384615385
679	2001-11-10	0.95	0.615384615385
680	2001-11-11	0.97	0.769230769231
681	2001-11-12	0.95	0.615384615385
682	2001-11-13	1.0	1.0
683	2001-11-14	1.0	1.0
684	2001-11-15	1.0	1.0
685	2001-11-16	1.0	1.0
686	2001-11-17	1.0	1.0
687	2001-11-18	1.0	1.0
688	2001-11-19	0.96	0.692307692308
689	2001-11-20	0.95	0.615384615385
690	2001-11-21	0.95	0.615384615385
691	2001-11-22	1.0	1.0
692	2001-11-23	1.0	1.0
693	2001-11-24	1.0	1.0
694	2001-11-25	1.0	1.0
695	2001-11-26	1.0	1.0
696	2001-11-27	1.0	1.0
697	2001-11-28	1.0	1.0
698	2001-11-29	1.0	1.0
699	2001-11-30	1.0	1.0
700	2001-12-01	1.0	1.0
701	2001-12-02	1.0	1.0
702	2001-12-03	1.0	1.0
703	2001-12-04	1.0	1.0
704	2001-12-05	1.0	1.0
705	2001-12-06	1.0	1.0
706	2001-12-07	1.0	1.0
707	2001-12-08	1.0	1.0
708	2001-12-09	1.0	1.0
709	2001-12-10	1.0	1.0
710	2001-12-11	1.0	1.0
711	2001-12-12	1.0	1.0
712	2001-12-13	1.0	1.0
713	2001-12-14	1.0	1.0
714	2001-12-15	1.0	1.0
715	2001-12-16	1.0	1.0
716	2001-12-17	1.0	1.0
717	2001-12-18	1.0	1.0
718	2001-12-19	1.0	1.0
719	2001-12-20	1.0	1.0
720	2001-12-21	1.0	1.0
721	2001-12-22	1.0	1.0
722	2001-12-23	1.0	1.0
723	2001-12-24	1.0	1.0
724	2001-12-25	1.0	1.0
725	2001-12-26	1.0	1.0
726	2001-12-27	1.0	1.0
727	2001-12-28	1.0	1.0
728	2001-12-29	1.0	1.0
729	2001-12-30	1.0	1.0
730	2001-12-31	1.0	1.0
731	2002-01-01	1.0	1.0
732	2002-01-02	1.0	1.0
733	2002-01-03	1.0	1.0
734	2002-01-04	1.0	1.0
735	2002-01-05	1.0	1.0
736	2002-01-06	1.0	1.0
737	2002-01-07	1.0	1.0
738	2002-01-08	1.0	1.0
739	2002-01-09	1.0	1.0
740	2002-01-10	1.0	1.0
741	2002-01-11	1.0	1.0
742	2002-01-12	1.0	1.0
743	2002-01-13	1.0	1.0
744	2002-01-14	1.0	1.0
745	2002-01-15	1.0	1.0
746	2002-01-16	1.0	1.0
747	2002-01-17	1.0	1.0
748	2002-01-18	1.0	1.0
749	2002-01-19	1.0	1.0
750	2002-01-20	1.0	1.0
751	2002-01-21	1.0	1.0
752	2002-01-22	1.0	1.0
753	2002-01-23	1.0	1.0
754	2002-01-24	1.0	1.0
755	2002-01-25	1.0	1.0
756	2002-01-26	1.0	1.0
757	2002-01-27	1.0	1.0
758	2002-01-28	0.96	0.692307692308
759	2002-01-29	1.0	1.0
760	2002-01-30	1.0	1.0
761	2002-01-31	1.0	1.0
762	2002-02-01	1.0	1.0
763	2002-02-02	1.0	1.0
764	2002-02-03	1.0	1.0
765	2002-02-04	1.0	1.0
766	2002-02-05	1.0	1.0
767	2002-02-06	1.0	1.0
768	2002-02-07	1.0	1.0
769	2002-02-08	1.0	1.0
770	2002-02-09	1.0	1.0
771	2002-02-10	1.0	1.0
772	2002-02-11	1.0	1.0
773	2002-02-12	1.0	1.0
774	2002-02-13	1.0	1.0
775	2002-02-14	1.0	1.0
776	2002-02-15	1.0	1.0
777	2002-02-16	1.0	1.0
778	2002-02-17	1.0	1.0
779	2002-02-18	1.0	1.0
780	2002-02-19	1.0	1.0
781	2002-02-20	1.0	1.0
782	2002-02-21	1.0	1.0
783	2002-02-22	1.0	1.0
784	2002-02-23	1.0	1.0
785	2002-02-24	1.0	1.0
786	2002-02-25	1.0	1.0
787	2002-02-26	1.0	1.0
788	2002-02-27	1.0	1.0
789	2002-02-28	0.96	0.692307692308
790	2002-03-01	0.94	0.538461538462
791	2002-03-02	0.95	0.615384615385
792	2002-03-03	1.0	1.0
793	2002-03-04	1.0	1.0
794	2002-03-05	1.0	1.0
795	2002-03-06	1.0	1.0
796	2002-03-07	1.0	1.0
797	2002-03-08	1.0	1.0
798	2002-03-09	1.0	1.0
799	2002-03-10	1.0	1.0
800	2002-03-11	1.0	1.0
801	2002-03-12	1.0	1.0
802	2002-03-13	1.0	1.0
803	2002-03-14	1.0	1.0
804	2002-03-15	1.0	1.0
805	2002-03-16	1.0	1.0
806	2002-03-17	1.0	1.0
807	2002-03-18	1.0	1.0
808	2002-03-19	1.0	1.0
809	2002-03-20	1.0	1.0
810	2002-03-21	1.0	1.0
811	2002-03-22	1.0	1.0
812	2002-03-23	1.0	1.0
813	2002-03-24	1.0	1.0
814	2002-03-25	1.0	1.0
815	2002-03-26	1.0	1.0
816	2002-03-27	1.0	1.0
817	2002-03-28	1.0	1.0
818	2002-03-29	1.0	1.0
819	2002-03-30	1.0	1.0
820	2002-03-31	1.0	1.0
821	2002-04-01	1.0	1.0
822	2002-04-02	1.0	1.0
823	2002-04-03	1.0	1.0
824	2002-04-04	1.0	1.0
825	2002-04-05	0.97	0.769230769231
826	2002-04-06	1.0	1.0
827	2002-04-07	1.0	1.0
828	2002-04-08	0.97	0.769230769231
829	2002-04-09	0.96	0.692307692308
830	2002-04-10	0.97	0.769230769231
831	2002-04-11	0.95	0.615384615385
832	2002-04-12	0.92	0.384615384615
833	2002-04-13	0.92	0.384615384615
834	2002-04-14	1.0	1.0
835	2002-04-15	1.0	1.0
836	2002-04-16	1.0	1.0
837	2002-04-17	1.0	1.0
838	2002-04-18	1.0	1.0
839	2002-04-19	1.0	1.0
840	2002-04-20	0.96	0.692307692308
841	2002-04-21	0.95	0.615384615385
842	2002-04-22	0.95	0.615384615385
843	2002-04-23	0.95	0.615384615385
844	2002-04-24	0.96	0.692307692308
845	2002-04-25	1.0	1.0
846	2002-04-26	1.0	1.0
847	2002-04-27	1.0	1.0
848	2002-04-28	1.0	1.0
849	2002-04-29	0.97	0.769230769231
850	2002-04-30	0.96	0.692307692308
851	2002-05-01	0.95	0.615384615385
852	2002-05-02	0.95	0.615384615385
853	2002-05-03	0.95	0.615384615385
854	2002-05-04	0.94	0.538461538462
855	2002-05-05	0.94	0.538461538462
856	2002-05-06	0.95	0.615384615385
857	2002-05-07	1.0	1.0
858	2002-05-08	0.97	0.769230769231
859	2002-05-09	0.96	0.692307692308
860	2002-05-10	0.95	0.615384615385
861	2002-05-11	0.94	0.538461538462
862	2002-05-12	0.93	0.461538461538
863	2002-05-13	0.93	0.461538461538
864	2002-05-14	0.93	0.461538461538
865	2002-05-15	0.94	0.538461538462
866	2002-05-16	0.94	0.538461538462
867	2002-05-17	0.94	0.538461538462
868	2002-05-18	0.94	0.538461538462
869	2002-05-19	0.95	0.615384615385
870	2002-05-20	0.95	0.615384615385
871	2002-05-21	0.95	0.615384615385
872	2002-05-22	0.96	0.692307692308
873	2002-05-23	1.0	1.0
874	2002-05-24	0.96	0.692307692308
875	2002-05-25	0.95	0.615384615385
876	2002-05-26	0.94	0.538461538462
877	2002-05-27	0.92	0.384615384615
878	2002-05-28	0.92	0.384615384615
879	2002-05-29	0.94	0.538461538462
880	2002-05-30	0.93	0.461538461538
881	2002-05-31	0.93	0.461538461538
882	2002-06-01	0.92	0.384615384615
883	2002-06-02	0.91	0.307692307692
884	2002-06-03	0.91	0.307692307692
885	2002-06-04	0.91	0.307692307692
886	2002-06-05	0.91	0.307692307692
887	2002-06-06	0.91	0.307692307692
888	2002-06-07	0.91	0.307692307692
889	2002-06-08	0.91	0.307692307692
890	2002-06-09	0.92	0.384615384615
891	2002-06-10	0.91	0.307692307692
892	2002-06-11	0.92	0.384615384615
893	2002-06-12	0.94	0.538461538462
894	2002-06-13	0.96	0.692307692308
895	2002-06-14	0.96	0.692307692308
896	2002-06-15	0.95	0.615384615385
897	2002-06-16	0.92	0.384615384615
898	2002-06-17	0.91	0.307692307692
899	2002-06-18	0.9	0.230769230769
900	2002-06-19	0.9	0.230769230769
901	2002-06-20	0.89	0.153846153846
902	2002-06-21	0.89	0.153846153846
903	2002-06-22	0.89	0.153846153846
904	2002-06-23	0.9	0.230769230769
905	2002-06-24	0.91	0.307692307692
906	2002-06-25	0.95	0.615384615385
907	2002-06-26	0.96	0.692307692308
908	2002-06-27	0.94	0.538461538462
909	2002-06-28	0.93	0.461538461538
910	2002-06-29	0.92	0.384615384615
911	2002-06-30	0.91	0.307692307692
912	2002-07-01	0.89	0.153846153846
913	2002-07-02	0.9	0.230769230769
914	2002-07-03	0.91	0.307692307692
915	2002-07-04	0.91	0.307692307692
916	2002-07-05	0.9	0.230769230769
917	2002-07-06	0.89	0.153846153846
918	2002-07-07	0.89	0.153846153846
919	2002-07-08	0.9	0.230769230769
920	2002-07-09	0.88	0.0769230769231
921	2002-07-10	0.9	0.230769230769
922	2002-07-11	0.92	0.384615384615
923	2002-07-12	0.92	0.384615384615
924	2002-07-13	0.92	0.384615384615
925	2002-07-14	0.91	0.307692307692
926	2002-07-15	0.91	0.307692307692
927	2002-07-16	0.92	0.384615384615
928	2002-07-17	0.92	0.384615384615
929	2002-07-18	0.92	0.384615384615
930	2002-07-19	0.9	0.230769230769
931	2002-07-20	0.9	0.230769230769
932	2002-07-21	0.9	0.230769230769
933	2002-07-22	0.89	0.153846153846
934	2002-07-23	0.9	0.230769230769
935	2002-07-24	0.9	0.230769230769
936	2002-07-25	0.9	0.230769230769
937	2002-07-26	0.89	0.153846153846
938	2002-07-27	0.9	0.230769230769
939	2002-07-28	0.9	0.230769230769
940	2002-07-29	0.89	0.153846153846
941	2002-07-30	0.89	0.153846153846
942	2002-07-31	0.89	0.153846153846
943	2002-08-01	0.89	0.153846153846
944	2002-08-02	0.89	0.153846153846
945	2002-08-03	0.89	0.153846153846
946	2002-08-04	0.9	0.230769230769
947	2002-08-05	0.9	0.230769230769
948	2002-08-06	0.9	0.230769230769
949	2002-08-07	0.9	0.230769230769
950	2002-08-08	0.89	0.153846153846
951	2002-08-09	0.9	0.230769230769
952	2002-08-10	0.91	0.307692307692
953	2002-08-11	0.91	0.307692307692
954	2002-08-12	0.91	0.307692307692
955	2002-08-13	0.9	0.230769230769
956	2002-08-14	0.9	0.230769230769
957	2002-08-15	0.89	0.153846153846
958	2002-08-16	0.89	0.153846153846
959	2002-08-17	0.9	0.230769230769
960	2002-08-18	0.9	0.230769230769
961	2002-08-19	0.89	0.153846153846
962	2002-08-20	0.89	0.153846153846
963	2002-08-21	0.9	0.230769230769
964	2002-08-22	0.91	0.307692307692
965	2002-08-23	0.89	0.153846153846
966	2002-08-24	0.89	0.153846153846
967	2002-08-25	0.9	0.230769230769
968	2002-08-26	0.9	0.230769230769
969	2002-08-27	0.9	0.230769230769
970	2002-08-28	0.9	0.230769230769
971	2002-08-29	0.93	0.461538461538
972	2002-08-30	0.94	0.538461538462
973	2002-08-31	0.95	0.615384615385
974	2002-09-01	0.93	0.461538461538
975	2002-09-02	0.92	0.384615384615
976	2002-09-03	0.92	0.384615384615
977	2002-09-04	0.93	0.461538461538
978	2002-09-05	0.92	0.384615384615
979	2002-09-06	0.91	0.307692307692
980	2002-09-07	0.91	0.307692307692
981	2002-09-08	0.94	0.538461538462
982	2002-09-09	0.93	0.461538461538
983	2002-09-10	0.95	0.615384615385
984	2002-09-11	0.94	0.538461538462
985	2002-09-12	0.94	0.538461538462
986	2002-09-13	0.94	0.538461538462
987	2002-09-14	0.93	0.461538461538
988	2002-09-15	0.93	0.461538461538
989	2002-09-16	0.93	0.461538461538
990	2002-09-17	0.93	0.461538461538
991	2002-09-18	0.94	0.538461538462
992	2002-09-19	0.93	0.461538461538
993	2002-09-20	0.95	0.615384615385
994	2002-09-21	0.95	0.615384615385
995	2002-09-22	0.95	0.615384615385
996	2002-09-23	0.93	0.461538461538
997	2002-09-24	0.93	0.461538461538
998	2002-09-25	0.93	0.461538461538
999	2002-09-26	0.93	0.461538461538
1000	2002-09-27	0.94	0.538461538462
1001	2002-09-28	0.94	0.538461538462
1002	2002-09-29	0.93	0.461538461538
1003	2002-09-30	0.94	0.538461538462
1004	2002-10-01	0.94	0.538461538462
1005	2002-10-02	0.94	0.538461538462
1006	2002-10-03	0.93	0.461538461538
1007	2002-10-04	0.93	0.461538461538
1008	2002-10-05	0.93	0.461538461538
1009	2002-10-06	0.95	0.615384615385
1010	2002-10-07	1.0	1.0
1011	2002-10-08	1.0	1.0
1012	2002-10-09	0.95	0.615384615385
1013	2002-10-10	0.95	0.615384615385
1014	2002-10-11	0.93	0.461538461538
1015	2002-10-12	0.96	0.692307692308
1016	2002-10-13	0.95	0.615384615385
1017	2002-10-14	0.95	0.615384615385
1018	2002-10-15	1.0	1.0
1019	2002-10-16	1.0	1.0
1020	2002-10-17	0.97	0.769230769231
1021	2002-10-18	0.95	0.615384615385
1022	2002-10-19	0.95	0.615384615385
1023	2002-10-20	0.94	0.538461538462
1024	2002-10-21	0.95	0.615384615385
1025	2002-10-22	0.94	0.538461538462
1026	2002-10-23	1.0	1.0
1027	2002-10-24	1.0	1.0
1028	2002-10-25	1.0	1.0
1029	2002-10-26	1.0	1.0
1030	2002-10-27	1.0	1.0
1031	2002-10-28	1.0	1.0
1032	2002-10-29	1.0	1.0
1033	2002-10-30	1.0	1.0
1034	2002-10-31	1.0	1.0
1035	2002-11-01	1.0	1.0
1036	2002-11-02	0.96	0.692307692308
1037	2002-11-03	0.96	0.692307692308
1038	2002-11-04	0.96	0.692307692308
1039	2002-11-05	1.0	1.0
1040	2002-11-06	1.0	1.0
1041	2002-11-07	1.0	1.0
1042	2002-11-08	0.97	0.769230769231
1043	2002-11-09	1.0	1.0
1044	2002-11-10	1.0	1.0
1045	2002-11-11	1.0	1.0
1046	2002-11-12	1.0	1.0
1047	2002-11-13	1.0	1.0
1048	2002-11-14	1.0	1.0
1049	2002-11-15	1.0	1.0
1050	2002-11-16	1.0	1.0
1051	2002-11-17	1.0	1.0
1052	2002-11-18	0.96	0.692307692308
1053	2002-11-19	0.96	0.692307692308
1054	2002-11-20	1.0	1.0
1055	2002-11-21	1.0	1.0
1056	2002-11-22	1.0	1.0
1057	2002-11-23	1.0	1.0
1058	2002-11-24	1.0	1.0
1059	2002-11-25	1.0	1.0
1060	2002-11-26	1.0	1.0
1061	2002-11-27	1.0	1.0
1062	2002-11-28	1.0	1.0
1063	2002-11-29	1.0	1.0
1064	2002-11-30	1.0	1.0
1065	2002-12-01	1.0	1.0
1066	2002-12-02	1.0	1.0
1067	2002-12-03	0.95	0.615384615385
1068	2002-12-04	1.0	1.0
1069	2002-12-05	1.0	1.0
1070	2002-12-06	1.0	1.0
1071	2002-12-07	1.0	1.0
1072	2002-12-08	1.0	1.0
1073	2002-12-09	1.0	1.0
1074	2002-12-10	1.0	1.0
1075	2002-12-11	1.0	1.0
1076	2002-12-12	1.0	1.0
1077	2002-12-13	1.0	1.0
1078	2002-12-14	1.0	1.0
1079	2002-12-15	1.0	1.0
1080	2002-12-16	1.0	1.0
1081	2002-12-17	1.0	1.0
1082	2002-12-18	1.0	1.0
1083	2002-12-19	1.0	1.0
1084	2002-12-20	1.0	1.0
1085	2002-12-21	1.0	1.0
1086	2002-12-22	1.0	1.0
1087	2002-12-23	1.0	1.0
1088	2002-12-24	1.0	1.0
1089	2002-12-25	1.0	1.0
1090	2002-12-26	1.0	1.0
1091	2002-12-27	1.0	1.0
1092	2002-12-28	1.0	1.0
1093	2002-12-29	1.0	1.0
1094	2002-12-30	1.0	1.0
1095	2002-12-31	1.0	1.0
1096	2003-01-01	1.0	1.0
1097	2003-01-02	1.0	1.0
1098	2003-01-03	1.0	1.0
1099	2003-01-04	0.96	0.692307692308
1100	2003-01-05	0.97	0.769230769231
1101	2003-01-06	1.0	1.0
1102	2003-01-07	0.97	0.769230769231
1103	2003-01-08	1.0	1.0
1104	2003-01-09	1.0	1.0
1105	2003-01-10	1.0	1.0
1106	2003-01-11	1.0	1.0
1107	2003-01-12	1.0	1.0
1108	2003-01-13	1.0	1.0
1109	2003-01-14	1.0	1.0
1110	2003-01-15	1.0	1.0
1111	2003-01-16	1.0	1.0
1112	2003-01-17	1.0	1.0
1113	2003-01-18	1.0	1.0
1114	2003-01-19	1.0	1.0
1115	2003-01-20	1.0	1.0
1116	2003-01-21	1.0	1.0
1117	2003-01-22	1.0	1.0
1118	2003-01-23	1.0	1.0
1119	2003-01-24	1.0	1.0
1120	2003-01-25	1.0	1.0
1121	2003-01-26	1.0	1.0
1122	2003-01-27	1.0	1.0
1123	2003-01-28	1.0	1.0
1124	2003-01-29	1.0	1.0
1125	2003-01-30	1.0	1.0
1126	2003-01-31	1.0	1.0
1127	2003-02-01	1.0	1.0
1128	2003-02-02	1.0	1.0
1129	2003-02-03	1.0	1.0
1130	2003-02-04	1.0	1.0
1131	2003-02-05	1.0	1.0
1132	2003-02-06	1.0	1.0
1133	2003-02-07	1.0	1.0
1134	2003-02-08	1.0	1.0
1135	2003-02-09	1.0	1.0
1136	2003-02-10	1.0	1.0
1137	2003-02-11	1.0	1.0
1138	2003-02-12	1.0	1.0
1139	2003-02-13	0.95	0.615384615385
1140	2003-02-14	1.0	1.0
1141	2003-02-15	1.0	1.0
1142	2003-02-16	1.0	1.0
1143	2003-02-17	1.0	1.0
1144	2003-02-18	1.0	1.0
1145	2003-02-19	1.0	1.0
1146	2003-02-20	1.0	1.0
1147	2003-02-21	0.96	0.692307692308
1148	2003-02-22	1.0	1.0
1149	2003-02-23	1.0	1.0
1150	2003-02-24	1.0	1.0
1151	2003-02-25	0.96	0.692307692308
1152	2003-02-26	0.96	0.692307692308
1153	2003-02-27	1.0	1.0
1154	2003-02-28	1.0	1.0
1155	2003-03-01	1.0	1.0
1156	2003-03-02	1.0	1.0
1157	2003-03-03	1.0	1.0
1158	2003-03-04	1.0	1.0
1159	2003-03-05	1.0	1.0
1160	2003-03-06	1.0	1.0
1161	2003-03-07	1.0	1.0
1162	2003-03-08	0.97	0.769230769231
1163	2003-03-09	1.0	1.0
1164	2003-03-10	1.0	1.0
1165	2003-03-11	1.0	1.0
1166	2003-03-12	0.96	0.692307692308
1167	2003-03-13	1.0	1.0
1168	2003-03-14	1.0	1.0
1169	2003-03-15	1.0	1.0
1170	2003-03-16	1.0	1.0
1171	2003-03-17	1.0	1.0
1172	2003-03-18	1.0	1.0
1173	2003-03-19	1.0	1.0
1174	2003-03-20	1.0	1.0
1175	2003-03-21	1.0	1.0
1176	2003-03-22	1.0	1.0
1177	2003-03-23	1.0	1.0
1178	2003-03-24	1.0	1.0
1179	2003-03-25	0.94	0.538461538462
1180	2003-03-26	0.93	0.461538461538
1181	2003-03-27	0.93	0.461538461538
1182	2003-03-28	0.93	0.461538461538
1183	2003-03-29	1.0	1.0
1184	2003-03-30	1.0	1.0
1185	2003-03-31	1.0	1.0
1186	2003-04-01	1.0	1.0
1187	2003-04-02	1.0	1.0
1188	2003-04-03	1.0	1.0
1189	2003-04-04	1.0	1.0
1190	2003-04-05	1.0	1.0
1191	2003-04-06	0.96	0.692307692308
1192	2003-04-07	0.96	0.692307692308
1193	2003-04-08	0.96	0.692307692308
1194	2003-04-09	0.96	0.692307692308
1195	2003-04-10	0.96	0.692307692308
1196	2003-04-11	0.96	0.692307692308
1197	2003-04-12	0.95	0.615384615385
1198	2003-04-13	0.96	0.692307692308
1199	2003-04-14	0.96	0.692307692308
1200	2003-04-15	0.97	0.769230769231
1201	2003-04-16	0.96	0.692307692308
1202	2003-04-17	0.95	0.615384615385
1203	2003-04-18	0.95	0.615384615385
1204	2003-04-19	0.95	0.615384615385
1205	2003-04-20	0.95	0.615384615385
1206	2003-04-21	0.94	0.538461538462
1207	2003-04-22	0.94	0.538461538462
1208	2003-04-23	0.96	0.692307692308
1209	2003-04-24	1.0	1.0
1210	2003-04-25	1.0	1.0
1211	2003-04-26	1.0	1.0
1212	2003-04-27	0.97	0.769230769231
1213	2003-04-28	0.96	0.692307692308
1214	2003-04-29	0.96	0.692307692308
1215	2003-04-30	0.96	0.692307692308
1216	2003-05-01	0.96	0.692307692308
1217	2003-05-02	0.93	0.461538461538
1218	2003-05-03	0.93	0.461538461538
1219	2003-05-04	0.93	0.461538461538
1220	2003-05-05	0.95	0.615384615385
1221	2003-05-06	0.94	0.538461538462
1222	2003-05-07	0.93	0.461538461538
1223	2003-05-08	0.93	0.461538461538
1224	2003-05-09	0.94	0.538461538462
1225	2003-05-10	0.95	0.615384615385
1226	2003-05-11	0.94	0.538461538462
1227	2003-05-12	0.93	0.461538461538
1228	2003-05-13	0.93	0.461538461538
1229	2003-05-14	0.93	0.461538461538
1230	2003-05-15	0.92	0.384615384615
1231	2003-05-16	0.94	0.538461538462
1232	2003-05-17	0.96	0.692307692308
1233	2003-05-18	0.96	0.692307692308
1234	2003-05-19	0.96	0.692307692308
1235	2003-05-20	0.95	0.615384615385
1236	2003-05-21	0.95	0.615384615385
1237	2003-05-22	0.93	0.461538461538
1238	2003-05-23	0.93	0.461538461538
1239	2003-05-24	0.93	0.461538461538
1240	2003-05-25	0.92	0.384615384615
1241	2003-05-26	0.92	0.384615384615
1242	2003-05-27	0.92	0.384615384615
1243	2003-05-28	0.9	0.230769230769
1244	2003-05-29	0.9	0.230769230769
1245	2003-05-30	0.91	0.307692307692
1246	2003-05-31	0.92	0.384615384615
1247	2003-06-01	0.92	0.384615384615
1248	2003-06-02	0.91	0.307692307692
1249	2003-06-03	0.9	0.230769230769
1250	2003-06-04	0.91	0.307692307692
1251	2003-06-05	0.93	0.461538461538
1252	2003-06-06	1.0	1.0
1253	2003-06-07	1.0	1.0
1254	2003-06-08	1.0	1.0
1255	2003-06-09	0.96	0.692307692308
1256	2003-06-10	0.95	0.615384615385
1257	2003-06-11	0.94	0.538461538462
1258	2003-06-12	0.92	0.384615384615
1259	2003-06-13	0.91	0.307692307692
1260	2003-06-14	0.91	0.307692307692
1261	2003-06-15	0.9	0.230769230769
1262	2003-06-16	0.89	0.153846153846
1263	2003-06-17	0.89	0.153846153846
1264	2003-06-18	0.89	0.153846153846
1265	2003-06-19	0.9	0.230769230769
1266	2003-06-20	0.9	0.230769230769
1267	2003-06-21	0.92	0.384615384615
1268	2003-06-22	0.93	0.461538461538
1269	2003-06-23	0.92	0.384615384615
1270	2003-06-24	0.91	0.307692307692
1271	2003-06-25	0.91	0.307692307692
1272	2003-06-26	0.91	0.307692307692
1273	2003-06-27	0.91	0.307692307692
1274	2003-06-28	0.92	0.384615384615
1275	2003-06-29	0.91	0.307692307692
1276	2003-06-30	0.92	0.384615384615
1277	2003-07-01	0.91	0.307692307692
1278	2003-07-02	0.9	0.230769230769
1279	2003-07-03	0.89	0.153846153846
1280	2003-07-04	0.91	0.307692307692
1281	2003-07-05	0.91	0.307692307692
1282	2003-07-06	0.91	0.307692307692
1283	2003-07-07	0.91	0.307692307692
1284	2003-07-08	0.91	0.307692307692
1285	2003-07-09	0.91	0.307692307692
1286	2003-07-10	0.9	0.230769230769
1287	2003-07-11	0.9	0.230769230769
1288	2003-07-12	0.89	0.153846153846
1289	2003-07-13	0.9	0.230769230769
1290	2003-07-14	0.91	0.307692307692
1291	2003-07-15	0.91	0.307692307692
1292	2003-07-16	0.92	0.384615384615
1293	2003-07-17	0.92	0.384615384615
1294	2003-07-18	0.92	0.384615384615
1295	2003-07-19	0.91	0.307692307692
1296	2003-07-20	0.91	0.307692307692
1297	2003-07-21	0.91	0.307692307692
1298	2003-07-22	0.92	0.384615384615
1299	2003-07-23	0.91	0.307692307692
1300	2003-07-24	0.91	0.307692307692
1301	2003-07-25	0.9	0.230769230769
1302	2003-07-26	0.9	0.230769230769
1303	2003-07-27	0.91	0.307692307692
1304	2003-07-28	0.91	0.307692307692
1305	2003-07-29	0.91	0.307692307692
1306	2003-07-30	0.91	0.307692307692
1307	2003-07-31	0.91	0.307692307692
1308	2003-08-01	0.9	0.230769230769
1309	2003-08-02	0.91	0.307692307692
1310	2003-08-03	0.91	0.307692307692
1311	2003-08-04	0.91	0.307692307692
1312	2003-08-05	0.91	0.307692307692
1313	2003-08-06	0.91	0.307692307692
1314	2003-08-07	0.9	0.230769230769
1315	2003-08-08	0.89	0.153846153846
1316	2003-08-09	0.89	0.153846153846
1317	2003-08-10	0.9	0.230769230769
1318	2003-08-11	0.9	0.230769230769
1319	2003-08-12	0.92	0.384615384615
1320	2003-08-13	0.93	0.461538461538
1321	2003-08-14	0.93	0.461538461538
1322	2003-08-15	0.93	0.461538461538
1323	2003-08-16	0.92	0.384615384615
1324	2003-08-17	0.92	0.384615384615
1325	2003-08-18	0.92	0.384615384615
1326	2003-08-19	0.92	0.384615384615
1327	2003-08-20	0.92	0.384615384615
1328	2003-08-21	0.91	0.307692307692
1329	2003-08-22	0.91	0.307692307692
1330	2003-08-23	0.91	0.307692307692
1331	2003-08-24	0.91	0.307692307692
1332	2003-08-25	0.9	0.230769230769
1333	2003-08-26	0.9	0.230769230769
1334	2003-08-27	0.91	0.307692307692
1335	2003-08-28	0.91	0.307692307692
1336	2003-08-29	0.91	0.307692307692
1337	2003-08-30	0.91	0.307692307692
1338	2003-08-31	0.91	0.307692307692
1339	2003-09-01	0.9	0.230769230769
1340	2003-09-02	0.89	0.153846153846
1341	2003-09-03	0.9	0.230769230769
1342	2003-09-04	0.9	0.230769230769
1343	2003-09-05	0.9	0.230769230769
1344	2003-09-06	0.9	0.230769230769
1345	2003-09-07	0.91	0.307692307692
1346	2003-09-08	0.9	0.230769230769
1347	2003-09-09	0.91	0.307692307692
1348	2003-09-10	0.9	0.230769230769
1349	2003-09-11	0.9	0.230769230769
1350	2003-09-12	0.9	0.230769230769
1351	2003-09-13	0.91	0.307692307692
1352	2003-09-14	0.92	0.384615384615
1353	2003-09-15	0.92	0.384615384615
1354	2003-09-16	0.94	0.538461538462
1355	2003-09-17	0.95	0.615384615385
1356	2003-09-18	0.96	0.692307692308
1357	2003-09-19	0.93	0.461538461538
1358	2003-09-20	0.92	0.384615384615
1359	2003-09-21	0.92	0.384615384615
1360	2003-09-22	0.92	0.384615384615
1361	2003-09-23	0.94	0.538461538462
1362	2003-09-24	0.96	0.692307692308
1363	2003-09-25	0.96	0.692307692308
1364	2003-09-26	0.96	0.692307692308
1365	2003-09-27	0.96	0.692307692308
1366	2003-09-28	0.95	0.615384615385
1367	2003-09-29	0.94	0.538461538462
1368	2003-09-30	0.93	0.461538461538
1369	2003-10-01	0.92	0.384615384615
1370	2003-10-02	0.94	0.538461538462
1371	2003-10-03	0.96	0.692307692308
1372	2003-10-04	1.0	1.0
1373	2003-10-05	0.97	0.769230769231
1374	2003-10-06	0.96	0.692307692308
1375	2003-10-07	0.96	0.692307692308
1376	2003-10-08	0.96	0.692307692308
1377	2003-10-09	0.96	0.692307692308
1378	2003-10-10	0.96	0.692307692308
1379	2003-10-11	0.96	0.692307692308
1380	2003-10-12	0.96	0.692307692308
1381	2003-10-13	0.96	0.692307692308
1382	2003-10-14	0.96	0.692307692308
1383	2003-10-15	1.0	1.0
1384	2003-10-16	1.0	1.0
1385	2003-10-17	0.96	0.692307692308
1386	2003-10-18	1.0	1.0
1387	2003-10-19	1.0	1.0
1388	2003-10-20	1.0	1.0
1389	2003-10-21	1.0	1.0
1390	2003-10-22	1.0	1.0
1391	2003-10-23	1.0	1.0
1392	2003-10-24	1.0	1.0
1393	2003-10-25	0.96	0.692307692308
1394	2003-10-26	1.0	1.0
1395	2003-10-27	1.0	1.0
1396	2003-10-28	0.95	0.615384615385
1397	2003-10-29	1.0	1.0
1398	2003-10-30	1.0	1.0
1399	2003-10-31	1.0	1.0
1400	2003-11-01	1.0	1.0
1401	2003-11-02	1.0	1.0
1402	2003-11-03	1.0	1.0
1403	2003-11-04	1.0	1.0
1404	2003-11-05	0.96	0.692307692308
1405	2003-11-06	1.0	1.0
1406	2003-11-07	1.0	1.0
1407	2003-11-08	1.0	1.0
1408	2003-11-09	1.0	1.0
1409	2003-11-10	1.0	1.0
1410	2003-11-11	1.0	1.0
1411	2003-11-12	1.0	1.0
1412	2003-11-13	1.0	1.0
1413	2003-11-14	1.0	1.0
1414	2003-11-15	1.0	1.0
1415	2003-11-16	1.0	1.0
1416	2003-11-17	1.0	1.0
1417	2003-11-18	1.0	1.0
1418	2003-11-19	1.0	1.0
1419	2003-11-20	1.0	1.0
1420	2003-11-21	1.0	1.0
1421	2003-11-22	0.95	0.615384615385
1422	2003-11-23	0.95	0.615384615385
1423	2003-11-24	0.95	0.615384615385
1424	2003-11-25	0.95	0.615384615385
1425	2003-11-26	0.94	0.538461538462
1426	2003-11-27	1.0	1.0
1427	2003-11-28	1.0	1.0
1428	2003-11-29	1.0	1.0
1429	2003-11-30	1.0	1.0
1430	2003-12-01	1.0	1.0
1431	2003-12-02	0.94	0.538461538462
1432	2003-12-03	0.94	0.538461538462
1433	2003-12-04	1.0	1.0
1434	2003-12-05	1.0	1.0
1435	2003-12-06	1.0	1.0
1436	2003-12-07	1.0	1.0
1437	2003-12-08	1.0	1.0
1438	2003-12-09	1.0	1.0
1439	2003-12-10	0.94	0.538461538462
1440	2003-12-11	0.93	0.461538461538
1441	2003-12-12	0.95	0.615384615385
1442	2003-12-13	0.95	0.615384615385
1443	2003-12-14	0.94	0.538461538462
1444	2003-12-15	1.0	1.0
1445	2003-12-16	0.96	0.692307692308
1446	2003-12-17	0.94	0.538461538462
1447	2003-12-18	0.93	0.461538461538
1448	2003-12-19	0.93	0.461538461538
1449	2003-12-20	1.0	1.0
1450	2003-12-21	1.0	1.0
1451	2003-12-22	1.0	1.0
1452	2003-12-23	1.0	1.0
1453	2003-12-24	0.97	0.769230769231
1454	2003-12-25	1.0	1.0
1455	2003-12-26	0.95	0.615384615385
1456	2003-12-27	0.94	0.538461538462
1457	2003-12-28	1.0	1.0
1458	2003-12-29	1.0	1.0
1459	2003-12-30	0.96	0.692307692308
1460	2003-12-31	0.94	0.538461538462
1461	2004-01-01	0.94	0.538461538462
1462	2004-01-02	1.0	1.0
1463	2004-01-03	1.0	1.0
1464	2004-01-04	1.0	1.0
1465	2004-01-05	1.0	1.0
1466	2004-01-06	1.0	1.0
1467	2004-01-07	1.0	1.0
1468	2004-01-08	1.0	1.0
1469	2004-01-09	1.0	1.0
1470	2004-01-10	1.0	1.0
1471	2004-01-11	1.0	1.0
1472	2004-01-12	1.0	1.0
1473	2004-01-13	1.0	1.0
1474	2004-01-14	1.0	1.0
1475	2004-01-15	1.0	1.0
1476	2004-01-16	1.0	1.0
1477	2004-01-17	1.0	1.0
1478	2004-01-18	1.0	1.0
1479	2004-01-19	1.0	1.0
1480	2004-01-20	1.0	1.0
1481	2004-01-21	1.0	1.0
1482	2004-01-22	1.0	1.0
1483	2004-01-23	1.0	1.0
1484	2004-01-24	1.0	1.0
1485	2004-01-25	1.0	1.0
1486	2004-01-26	1.0	1.0
1487	2004-01-27	1.0	1.0
1488	2004-01-28	1.0	1.0
1489	2004-01-29	1.0	1.0
1490	2004-01-30	1.0	1.0
1491	2004-01-31	1.0	1.0
1492	2004-02-01	1.0	1.0
1493	2004-02-02	1.0	1.0
1494	2004-02-03	1.0	1.0
1495	2004-02-04	1.0	1.0
1496	2004-02-05	1.0	1.0
1497	2004-02-06	1.0	1.0
1498	2004-02-07	1.0	1.0
1499	2004-02-08	1.0	1.0
1500	2004-02-09	1.0	1.0
1501	2004-02-10	1.0	1.0
1502	2004-02-11	1.0	1.0
1503	2004-02-12	1.0	1.0
1504	2004-02-13	1.0	1.0
1505	2004-02-14	1.0	1.0
1506	2004-02-15	1.0	1.0
1507	2004-02-16	1.0	1.0
1508	2004-02-17	1.0	1.0
1509	2004-02-18	1.0	1.0
1510	2004-02-19	1.0	1.0
1511	2004-02-20	1.0	1.0
1512	2004-02-21	0.97	0.769230769231
1513	2004-02-22	0.95	0.615384615385
1514	2004-02-23	0.96	0.692307692308
1515	2004-02-24	1.0	1.0
1516	2004-02-25	0.94	0.538461538462
1517	2004-02-26	0.95	0.615384615385
1518	2004-02-27	0.94	0.538461538462
1519	2004-02-28	1.0	1.0
1520	2004-02-29	1.0	1.0
1521	2004-03-01	1.0	1.0
1522	2004-03-02	1.0	1.0
1523	2004-03-03	0.96	0.692307692308
1524	2004-03-04	0.95	0.615384615385
1525	2004-03-05	1.0	1.0
1526	2004-03-06	1.0	1.0
1527	2004-03-07	1.0	1.0
1528	2004-03-08	1.0	1.0
1529	2004-03-09	1.0	1.0
1530	2004-03-10	0.96	0.692307692308
1531	2004-03-11	0.95	0.615384615385
1532	2004-03-12	1.0	1.0
1533	2004-03-13	1.0	1.0
1534	2004-03-14	0.97	0.769230769231
1535	2004-03-15	1.0	1.0
1536	2004-03-16	1.0	1.0
1537	2004-03-17	1.0	1.0
1538	2004-03-18	1.0	1.0
1539	2004-03-19	1.0	1.0
1540	2004-03-20	1.0	1.0
1541	2004-03-21	0.96	0.692307692308
1542	2004-03-22	1.0	1.0
1543	2004-03-23	1.0	1.0
1544	2004-03-24	1.0	1.0
1545	2004-03-25	1.0	1.0
1546	2004-03-26	1.0	1.0
1547	2004-03-27	1.0	1.0
1548	2004-03-28	1.0	1.0
1549	2004-03-29	1.0	1.0
1550	2004-03-30	1.0	1.0
1551	2004-03-31	1.0	1.0
1552	2004-04-01	1.0	1.0
1553	2004-04-02	1.0	1.0
1554	2004-04-03	0.97	0.769230769231
1555	2004-04-04	0.96	0.692307692308
1556	2004-04-05	0.94	0.538461538462
1557	2004-04-06	0.94	0.538461538462
1558	2004-04-07	0.94	0.538461538462
1559	2004-04-08	0.95	0.615384615385
1560	2004-04-09	0.95	0.615384615385
1561	2004-04-10	0.93	0.461538461538
1562	2004-04-11	0.94	0.538461538462
1563	2004-04-12	0.94	0.538461538462
1564	2004-04-13	0.94	0.538461538462
1565	2004-04-14	0.94	0.538461538462
1566	2004-04-15	0.93	0.461538461538
1567	2004-04-16	0.93	0.461538461538
1568	2004-04-17	0.95	0.615384615385
1569	2004-04-18	1.0	1.0
1570	2004-04-19	1.0	1.0
1571	2004-04-20	1.0	1.0
1572	2004-04-21	1.0	1.0
1573	2004-04-22	0.96	0.692307692308
1574	2004-04-23	0.96	0.692307692308
1575	2004-04-24	0.95	0.615384615385
1576	2004-04-25	0.94	0.538461538462
1577	2004-04-26	0.92	0.384615384615
1578	2004-04-27	0.92	0.384615384615
1579	2004-04-28	0.93	0.461538461538
1580	2004-04-29	0.94	0.538461538462
1581	2004-04-30	0.94	0.538461538462
1582	2004-05-01	0.94	0.538461538462
1583	2004-05-02	0.94	0.538461538462
1584	2004-05-03	0.93	0.461538461538
1585	2004-05-04	0.94	0.538461538462
1586	2004-05-05	0.93	0.461538461538
1587	2004-05-06	0.93	0.461538461538
1588	2004-05-07	1.0	1.0
1589	2004-05-08	1.0	1.0
1590	2004-05-09	0.94	0.538461538462
1591	2004-05-10	0.92	0.384615384615
1592	2004-05-11	1.0	1.0
1593	2004-05-12	1.0	1.0
1594	2004-05-13	1.0	1.0
1595	2004-05-14	1.0	1.0
1596	2004-05-15	1.0	1.0
1597	2004-05-16	0.96	0.692307692308
1598	2004-05-17	0.96	0.692307692308
1599	2004-05-18	0.96	0.692307692308
1600	2004-05-19	0.96	0.692307692308
1601	2004-05-20	0.95	0.615384615385
1602	2004-05-21	0.95	0.615384615385
1603	2004-05-22	0.95	0.615384615385
1604	2004-05-23	0.95	0.615384615385
1605	2004-05-24	0.96	0.692307692308
1606	2004-05-25	0.95	0.615384615385
1607	2004-05-26	0.94	0.538461538462
1608	2004-05-27	0.93	0.461538461538
1609	2004-05-28	0.92	0.384615384615
1610	2004-05-29	0.91	0.307692307692
1611	2004-05-30	0.91	0.307692307692
1612	2004-05-31	0.91	0.307692307692
1613	2004-06-01	0.91	0.307692307692
1614	2004-06-02	0.91	0.307692307692
1615	2004-06-03	0.92	0.384615384615
1616	2004-06-04	0.91	0.307692307692
1617	2004-06-05	0.91	0.307692307692
1618	2004-06-06	0.91	0.307692307692
1619	2004-06-07	0.91	0.307692307692
1620	2004-06-08	0.91	0.307692307692
1621	2004-06-09	0.91	0.307692307692
1622	2004-06-10	0.91	0.307692307692
1623	2004-06-11	0.92	0.384615384615
1624	2004-06-12	1.0	1.0
1625	2004-06-13	0.96	0.692307692308
1626	2004-06-14	0.95	0.615384615385
1627	2004-06-15	0.93	0.461538461538
1628	2004-06-16	0.92	0.384615384615
1629	2004-06-17	0.92	0.384615384615
1630	2004-06-18	0.91	0.307692307692
1631	2004-06-19	0.91	0.307692307692
1632	2004-06-20	0.9	0.230769230769
1633	2004-06-21	0.89	0.153846153846
1634	2004-06-22	0.89	0.153846153846
1635	2004-06-23	0.91	0.307692307692
1636	2004-06-24	0.9	0.230769230769
1637	2004-06-25	0.89	0.153846153846
1638	2004-06-26	0.89	0.153846153846
1639	2004-06-27	0.9	0.230769230769
1640	2004-06-28	0.9	0.230769230769
1641	2004-06-29	0.9	0.230769230769
1642	2004-06-30	0.9	0.230769230769
1643	2004-07-01	0.89	0.153846153846
1644	2004-07-02	0.9	0.230769230769
1645	2004-07-03	0.9	0.230769230769
1646	2004-07-04	0.9	0.230769230769
1647	2004-07-05	0.89	0.153846153846
1648	2004-07-06	0.89	0.153846153846
1649	2004-07-07	0.89	0.153846153846
1650	2004-07-08	0.89	0.153846153846
1651	2004-07-09	0.89	0.153846153846
1652	2004-07-10	0.9	0.230769230769
1653	2004-07-11	0.88	0.0769230769231
1654	2004-07-12	0.88	0.0769230769231
1655	2004-07-13	0.92	0.384615384615
1656	2004-07-14	0.92	0.384615384615
1657	2004-07-15	0.9	0.230769230769
1658	2004-07-16	0.9	0.230769230769
1659	2004-07-17	0.91	0.307692307692
1660	2004-07-18	0.91	0.307692307692
1661	2004-07-19	0.91	0.307692307692
1662	2004-07-20	0.9	0.230769230769
1663	2004-07-21	0.89	0.153846153846
1664	2004-07-22	0.89	0.153846153846
1665	2004-07-23	0.89	0.153846153846
1666	2004-07-24	0.89	0.153846153846
1667	2004-07-25	0.9	0.230769230769
1668	2004-07-26	0.9	0.230769230769
1669	2004-07-27	0.9	0.230769230769
1670	2004-07-28	0.9	0.230769230769
1671	2004-07-29	0.91	0.307692307692
1672	2004-07-30	0.91	0.307692307692
1673	2004-07-31	0.92	0.384615384615
1674	2004-08-01	0.91	0.307692307692
1675	2004-08-02	0.91	0.307692307692
1676	2004-08-03	0.91	0.307692307692
1677	2004-08-04	0.9	0.230769230769
1678	2004-08-05	0.89	0.153846153846
1679	2004-08-06	0.9	0.230769230769
1680	2004-08-07	0.9	0.230769230769
1681	2004-08-08	0.89	0.153846153846
1682	2004-08-09	0.9	0.230769230769
1683	2004-08-10	0.9	0.230769230769
1684	2004-08-11	0.91	0.307692307692
1685	2004-08-12	0.91	0.307692307692
1686	2004-08-13	0.89	0.153846153846
1687	2004-08-14	0.89	0.153846153846
1688	2004-08-15	0.9	0.230769230769
1689	2004-08-16	0.89	0.153846153846
1690	2004-08-17	0.91	0.307692307692
1691	2004-08-18	0.91	0.307692307692
1692	2004-08-19	0.91	0.307692307692
1693	2004-08-20	0.9	0.230769230769
1694	2004-08-21	0.9	0.230769230769
1695	2004-08-22	0.89	0.153846153846
1696	2004-08-23	0.91	0.307692307692
1697	2004-08-24	0.92	0.384615384615
1698	2004-08-25	0.93	0.461538461538
1699	2004-08-26	0.92	0.384615384615
1700	2004-08-27	0.91	0.307692307692
1701	2004-08-28	0.9	0.230769230769
1702	2004-08-29	0.9	0.230769230769
1703	2004-08-30	0.9	0.230769230769
1704	2004-08-31	0.91	0.307692307692
1705	2004-09-01	0.92	0.384615384615
1706	2004-09-02	0.92	0.384615384615
1707	2004-09-03	0.91	0.307692307692
1708	2004-09-04	0.9	0.230769230769
1709	2004-09-05	0.89	0.153846153846
1710	2004-09-06	0.89	0.153846153846
1711	2004-09-07	0.91	0.307692307692
1712	2004-09-08	0.92	0.384615384615
1713	2004-09-09	0.92	0.384615384615
1714	2004-09-10	0.92	0.384615384615
1715	2004-09-11	0.9	0.230769230769
1716	2004-09-12	0.89	0.153846153846
1717	2004-09-13	0.93	0.461538461538
1718	2004-09-14	0.91	0.307692307692
1719	2004-09-15	0.93	0.461538461538
1720	2004-09-16	0.93	0.461538461538
1721	2004-09-17	0.92	0.384615384615
1722	2004-09-18	0.89	0.153846153846
1723	2004-09-19	0.91	0.307692307692
1724	2004-09-20	0.92	0.384615384615
1725	2004-09-21	0.92	0.384615384615
1726	2004-09-22	0.93	0.461538461538
1727	2004-09-23	0.95	0.615384615385
1728	2004-09-24	0.95	0.615384615385
1729	2004-09-25	0.94	0.538461538462
1730	2004-09-26	0.92	0.384615384615
1731	2004-09-27	0.93	0.461538461538
1732	2004-09-28	1.0	1.0
1733	2004-09-29	1.0	1.0
1734	2004-09-30	0.95	0.615384615385
1735	2004-10-01	1.0	1.0
1736	2004-10-02	1.0	1.0
1737	2004-10-03	1.0	1.0
1738	2004-10-04	1.0	1.0
1739	2004-10-05	1.0	1.0
1740	2004-10-06	1.0	1.0
1741	2004-10-07	1.0	1.0
1742	2004-10-08	1.0	1.0
1743	2004-10-09	1.0	1.0
1744	2004-10-10	1.0	1.0
1745	2004-10-11	1.0	1.0
1746	2004-10-12	1.0	1.0
1747	2004-10-13	1.0	1.0
1748	2004-10-14	1.0	1.0
1749	2004-10-15	1.0	1.0
1750	2004-10-16	1.0	1.0
1751	2004-10-17	0.97	0.769230769231
1752	2004-10-18	0.97	0.769230769231
1753	2004-10-19	1.0	1.0
1754	2004-10-20	1.0	1.0
1755	2004-10-21	1.0	1.0
1756	2004-10-22	1.0	1.0
1757	2004-10-23	1.0	1.0
1758	2004-10-24	1.0	1.0
1759	2004-10-25	1.0	1.0
1760	2004-10-26	1.0	1.0
1761	2004-10-27	1.0	1.0
1762	2004-10-28	1.0	1.0
1763	2004-10-29	1.0	1.0
1764	2004-10-30	1.0	1.0
1765	2004-10-31	1.0	1.0
1766	2004-11-01	0.96	0.692307692308
1767	2004-11-02	0.95	0.615384615385
1768	2004-11-03	0.93	0.461538461538
1769	2004-11-04	0.94	0.538461538462
1770	2004-11-05	0.94	0.538461538462
1771	2004-11-06	1.0	1.0
1772	2004-11-07	1.0	1.0
1773	2004-11-08	1.0	1.0
1774	2004-11-09	1.0	1.0
1775	2004-11-10	1.0	1.0
1776	2004-11-11	0.95	0.615384615385
1777	2004-11-12	0.95	0.615384615385
1778	2004-11-13	1.0	1.0
1779	2004-11-14	1.0	1.0
1780	2004-11-15	1.0	1.0
1781	2004-11-16	1.0	1.0
1782	2004-11-17	1.0	1.0
1783	2004-11-18	1.0	1.0
1784	2004-11-19	1.0	1.0
1785	2004-11-20	1.0	1.0
1786	2004-11-21	1.0	1.0
1787	2004-11-22	1.0	1.0
1788	2004-11-23	1.0	1.0
1789	2004-11-24	1.0	1.0
1790	2004-11-25	1.0	1.0
1791	2004-11-26	0.96	0.692307692308
1792	2004-11-27	0.96	0.692307692308
1793	2004-11-28	1.0	1.0
1794	2004-11-29	1.0	1.0
1795	2004-11-30	1.0	1.0
1796	2004-12-01	1.0	1.0
1797	2004-12-02	1.0	1.0
1798	2004-12-03	1.0	1.0
1799	2004-12-04	1.0	1.0
1800	2004-12-05	1.0	1.0
1801	2004-12-06	1.0	1.0
1802	2004-12-07	1.0	1.0
1803	2004-12-08	1.0	1.0
1804	2004-12-09	1.0	1.0
1805	2004-12-10	1.0	1.0
1806	2004-12-11	1.0	1.0
1807	2004-12-12	1.0	1.0
1808	2004-12-13	1.0	1.0
1809	2004-12-14	1.0	1.0
1810	2004-12-15	1.0	1.0
1811	2004-12-16	1.0	1.0
1812	2004-12-17	1.0	1.0
1813	2004-12-18	1.0	1.0
1814	2004-12-19	1.0	1.0
1815	2004-12-20	1.0	1.0
1816	2004-12-21	1.0	1.0
1817	2004-12-22	1.0	1.0
1818	2004-12-23	1.0	1.0
1819	2004-12-24	1.0	1.0
1820	2004-12-25	1.0	1.0
1821	2004-12-26	1.0	1.0
1822	2004-12-27	1.0	1.0
1823	2004-12-28	1.0	1.0
1824	2004-12-29	1.0	1.0
1825	2004-12-30	1.0	1.0
1826	2004-12-31	1.0	1.0
1827	2005-01-01	1.0	1.0
1828	2005-01-02	1.0	1.0
1829	2005-01-03	1.0	1.0
1830	2005-01-04	1.0	1.0
1831	2005-01-05	1.0	1.0
1832	2005-01-06	1.0	1.0
1833	2005-01-07	1.0	1.0
1834	2005-01-08	1.0	1.0
1835	2005-01-09	1.0	1.0
1836	2005-01-10	1.0	1.0
1837	2005-01-11	1.0	1.0
1838	2005-01-12	1.0	1.0
1839	2005-01-13	1.0	1.0
1840	2005-01-14	1.0	1.0
1841	2005-01-15	1.0	1.0
1842	2005-01-16	1.0	1.0
1843	2005-01-17	1.0	1.0
1844	2005-01-18	1.0	1.0
1845	2005-01-19	1.0	1.0
1846	2005-01-20	1.0	1.0
1847	2005-01-21	1.0	1.0
1848	2005-01-22	1.0	1.0
1849	2005-01-23	1.0	1.0
1850	2005-01-24	1.0	1.0
1851	2005-01-25	1.0	1.0
1852	2005-01-26	1.0	1.0
1853	2005-01-27	1.0	1.0
1854	2005-01-28	1.0	1.0
1855	2005-01-29	1.0	1.0
1856	2005-01-30	1.0	1.0
1857	2005-01-31	1.0	1.0
1858	2005-02-01	1.0	1.0
1859	2005-02-02	1.0	1.0
1860	2005-02-03	1.0	1.0
1861	2005-02-04	1.0	1.0
1862	2005-02-05	1.0	1.0
1863	2005-02-06	0.96	0.692307692308
1864	2005-02-07	1.0	1.0
1865	2005-02-08	1.0	1.0
1866	2005-02-09	1.0	1.0
1867	2005-02-10	1.0	1.0
1868	2005-02-11	1.0	1.0
1869	2005-02-12	0.96	0.692307692308
1870	2005-02-13	1.0	1.0
1871	2005-02-14	1.0	1.0
1872	2005-02-15	1.0	1.0
1873	2005-02-16	1.0	1.0
1874	2005-02-17	1.0	1.0
1875	2005-02-18	1.0	1.0
1876	2005-02-19	1.0	1.0
1877	2005-02-20	1.0	1.0
1878	2005-02-21	1.0	1.0
1879	2005-02-22	1.0	1.0
1880	2005-02-23	1.0	1.0
1881	2005-02-24	1.0	1.0
1882	2005-02-25	1.0	1.0
1883	2005-02-26	0.95	0.615384615385
1884	2005-02-27	1.0	1.0
1885	2005-02-28	1.0	1.0
1886	2005-03-01	0.96	0.692307692308
1887	2005-03-02	0.95	0.615384615385
1888	2005-03-03	0.96	0.692307692308
1889	2005-03-04	1.0	1.0
1890	2005-03-05	0.97	0.769230769231
1891	2005-03-06	0.95	0.615384615385
1892	2005-03-07	1.0	1.0
1893	2005-03-08	1.0	1.0
1894	2005-03-09	1.0	1.0
1895	2005-03-10	1.0	1.0
1896	2005-03-11	1.0	1.0
1897	2005-03-12	1.0	1.0
1898	2005-03-13	1.0	1.0
1899	2005-03-14	1.0	1.0
1900	2005-03-15	1.0	1.0
1901	2005-03-16	1.0	1.0
1902	2005-03-17	0.96	0.692307692308
1903	2005-03-18	0.96	0.692307692308
1904	2005-03-19	1.0	1.0
1905	2005-03-20	1.0	1.0
1906	2005-03-21	1.0	1.0
1907	2005-03-22	1.0	1.0
1908	2005-03-23	1.0	1.0
1909	2005-03-24	1.0	1.0
1910	2005-03-25	1.0	1.0
1911	2005-03-26	1.0	1.0
1912	2005-03-27	1.0	1.0
1913	2005-03-28	1.0	1.0
1914	2005-03-29	1.0	1.0
1915	2005-03-30	1.0	1.0
1916	2005-03-31	1.0	1.0
1917	2005-04-01	1.0	1.0
1918	2005-04-02	1.0	1.0
1919	2005-04-03	1.0	1.0
1920	2005-04-04	0.97	0.769230769231
1921	2005-04-05	0.97	0.769230769231
1922	2005-04-06	1.0	1.0
1923	2005-04-07	1.0	1.0
1924	2005-04-08	1.0	1.0
1925	2005-04-09	1.0	1.0
1926	2005-04-10	1.0	1.0
1927	2005-04-11	1.0	1.0
1928	2005-04-12	1.0	1.0
1929	2005-04-13	1.0	1.0
1930	2005-04-14	0.97	0.769230769231
1931	2005-04-15	1.0	1.0
1932	2005-04-16	1.0	1.0
1933	2005-04-17	0.96	0.692307692308
1934	2005-04-18	0.96	0.692307692308
1935	2005-04-19	1.0	1.0
1936	2005-04-20	1.0	1.0
1937	2005-04-21	1.0	1.0
1938	2005-04-22	1.0	1.0
1939	2005-04-23	0.96	0.692307692308
1940	2005-04-24	0.95	0.615384615385
1941	2005-04-25	0.95	0.615384615385
1942	2005-04-26	0.94	0.538461538462
1943	2005-04-27	0.92	0.384615384615
1944	2005-04-28	0.93	0.461538461538
1945	2005-04-29	0.93	0.461538461538
1946	2005-04-30	1.0	1.0
1947	2005-05-01	1.0	1.0
1948	2005-05-02	1.0	1.0
1949	2005-05-03	1.0	1.0
1950	2005-05-04	1.0	1.0
1951	2005-05-05	0.94	0.538461538462
1952	2005-05-06	0.92	0.384615384615
1953	2005-05-07	0.92	0.384615384615
1954	2005-05-08	0.95	0.615384615385
1955	2005-05-09	0.94	0.538461538462
1956	2005-05-10	0.95	0.615384615385
1957	2005-05-11	0.96	0.692307692308
1958	2005-05-12	0.96	0.692307692308
1959	2005-05-13	1.0	1.0
1960	2005-05-14	0.96	0.692307692308
1961	2005-05-15	0.96	0.692307692308
1962	2005-05-16	0.97	0.769230769231
1963	2005-05-17	1.0	1.0
1964	2005-05-18	0.96	0.692307692308
1965	2005-05-19	0.95	0.615384615385
1966	2005-05-20	0.94	0.538461538462
1967	2005-05-21	0.94	0.538461538462
1968	2005-05-22	0.94	0.538461538462
1969	2005-05-23	0.93	0.461538461538
1970	2005-05-24	0.93	0.461538461538
1971	2005-05-25	0.93	0.461538461538
1972	2005-05-26	0.94	0.538461538462
1973	2005-05-27	0.94	0.538461538462
1974	2005-05-28	0.94	0.538461538462
1975	2005-05-29	0.93	0.461538461538
1976	2005-05-30	0.93	0.461538461538
1977	2005-05-31	0.93	0.461538461538
1978	2005-06-01	0.93	0.461538461538
1979	2005-06-02	0.93	0.461538461538
1980	2005-06-03	0.94	0.538461538462
1981	2005-06-04	0.93	0.461538461538
1982	2005-06-05	0.92	0.384615384615
1983	2005-06-06	0.91	0.307692307692
1984	2005-06-07	0.9	0.230769230769
1985	2005-06-08	0.93	0.461538461538
1986	2005-06-09	0.95	0.615384615385
1987	2005-06-10	0.91	0.307692307692
1988	2005-06-11	0.92	0.384615384615
1989	2005-06-12	0.92	0.384615384615
1990	2005-06-13	0.9	0.230769230769
1991	2005-06-14	0.9	0.230769230769
1992	2005-06-15	0.91	0.307692307692
1993	2005-06-16	0.91	0.307692307692
1994	2005-06-17	0.91	0.307692307692
1995	2005-06-18	0.91	0.307692307692
1996	2005-06-19	0.91	0.307692307692
1997	2005-06-20	0.91	0.307692307692
1998	2005-06-21	0.91	0.307692307692
1999	2005-06-22	0.91	0.307692307692
2000	2005-06-23	0.91	0.307692307692
2001	2005-06-24	0.91	0.307692307692
2002	2005-06-25	0.91	0.307692307692
2003	2005-06-26	0.9	0.230769230769
2004	2005-06-27	0.9	0.230769230769
2005	2005-06-28	0.92	0.384615384615
2006	2005-06-29	0.93	0.461538461538
2007	2005-06-30	0.9	0.230769230769
2008	2005-07-01	0.9	0.230769230769
2009	2005-07-02	0.9	0.230769230769
2010	2005-07-03	0.9	0.230769230769
2011	2005-07-04	0.89	0.153846153846
2012	2005-07-05	0.88	0.0769230769231
2013	2005-07-06	0.88	0.0769230769231
2014	2005-07-07	0.89	0.153846153846
2015	2005-07-08	0.89	0.153846153846
2016	2005-07-09	0.9	0.230769230769
2017	2005-07-10	0.9	0.230769230769
2018	2005-07-11	0.9	0.230769230769
2019	2005-07-12	0.9	0.230769230769
2020	2005-07-13	0.9	0.230769230769
2021	2005-07-14	0.9	0.230769230769
2022	2005-07-15	0.9	0.230769230769
2023	2005-07-16	0.9	0.230769230769
2024	2005-07-17	0.9	0.230769230769
2025	2005-07-18	0.91	0.307692307692
2026	2005-07-19	0.9	0.230769230769
2027	2005-07-20	0.9	0.230769230769
2028	2005-07-21	0.9	0.230769230769
2029	2005-07-22	0.9	0.230769230769
2030	2005-07-23	0.9	0.230769230769
2031	2005-07-24	0.9	0.230769230769
2032	2005-07-25	0.9	0.230769230769
2033	2005-07-26	0.9	0.230769230769
2034	2005-07-27	0.9	0.230769230769
2035	2005-07-28	0.9	0.230769230769
2036	2005-07-29	0.9	0.230769230769
2037	2005-07-30	0.9	0.230769230769
2038	2005-07-31	0.9	0.230769230769
2039	2005-08-01	0.9	0.230769230769
2040	2005-08-02	0.9	0.230769230769
2041	2005-08-03	0.91	0.307692307692
2042	2005-08-04	0.9	0.230769230769
2043	2005-08-05	0.91	0.307692307692
2044	2005-08-06	0.91	0.307692307692
2045	2005-08-07	0.9	0.230769230769
2046	2005-08-08	0.9	0.230769230769
2047	2005-08-09	0.9	0.230769230769
2048	2005-08-10	0.89	0.153846153846
2049	2005-08-11	0.9	0.230769230769
2050	2005-08-12	0.9	0.230769230769
2051	2005-08-13	0.9	0.230769230769
2052	2005-08-14	0.9	0.230769230769
2053	2005-08-15	0.9	0.230769230769
2054	2005-08-16	0.9	0.230769230769
2055	2005-08-17	0.9	0.230769230769
2056	2005-08-18	0.9	0.230769230769
2057	2005-08-19	0.9	0.230769230769
2058	2005-08-20	0.9	0.230769230769
2059	2005-08-21	0.89	0.153846153846
2060	2005-08-22	0.89	0.153846153846
2061	2005-08-23	0.9	0.230769230769
2062	2005-08-24	0.89	0.153846153846
2063	2005-08-25	0.89	0.153846153846
2064	2005-08-26	0.88	0.0769230769231
2065	2005-08-27	0.9	0.230769230769
2066	2005-08-28	0.91	0.307692307692
2067	2005-08-29	0.91	0.307692307692
2068	2005-08-30	0.91	0.307692307692
2069	2005-08-31	0.91	0.307692307692
2070	2005-09-01	0.91	0.307692307692
2071	2005-09-02	0.91	0.307692307692
2072	2005-09-03	0.91	0.307692307692
2073	2005-09-04	0.91	0.307692307692
2074	2005-09-05	0.91	0.307692307692
2075	2005-09-06	0.91	0.307692307692
2076	2005-09-07	0.91	0.307692307692
2077	2005-09-08	0.9	0.230769230769
2078	2005-09-09	0.9	0.230769230769
2079	2005-09-10	0.89	0.153846153846
2080	2005-09-11	0.89	0.153846153846
2081	2005-09-12	0.89	0.153846153846
2082	2005-09-13	0.89	0.153846153846
2083	2005-09-14	0.89	0.153846153846
2084	2005-09-15	0.9	0.230769230769
2085	2005-09-16	0.9	0.230769230769
2086	2005-09-17	0.9	0.230769230769
2087	2005-09-18	0.9	0.230769230769
2088	2005-09-19	0.92	0.384615384615
2089	2005-09-20	0.93	0.461538461538
2090	2005-09-21	0.92	0.384615384615
2091	2005-09-22	0.91	0.307692307692
2092	2005-09-23	0.92	0.384615384615
2093	2005-09-24	0.92	0.384615384615
2094	2005-09-25	0.95	0.615384615385
2095	2005-09-26	0.95	0.615384615385
2096	2005-09-27	0.96	0.692307692308
2097	2005-09-28	0.96	0.692307692308
2098	2005-09-29	0.96	0.692307692308
2099	2005-09-30	0.95	0.615384615385
2100	2005-10-01	0.96	0.692307692308
2101	2005-10-02	1.0	1.0
2102	2005-10-03	1.0	1.0
2103	2005-10-04	1.0	1.0
2104	2005-10-05	1.0	1.0
2105	2005-10-06	1.0	1.0
2106	2005-10-07	1.0	1.0
2107	2005-10-08	0.96	0.692307692308
2108	2005-10-09	0.95	0.615384615385
2109	2005-10-10	0.96	0.692307692308
2110	2005-10-11	1.0	1.0
2111	2005-10-12	1.0	1.0
2112	2005-10-13	0.96	0.692307692308
2113	2005-10-14	1.0	1.0
2114	2005-10-15	1.0	1.0
2115	2005-10-16	1.0	1.0
2116	2005-10-17	1.0	1.0
2117	2005-10-18	1.0	1.0
2118	2005-10-19	1.0	1.0
2119	2005-10-20	0.96	0.692307692308
2120	2005-10-21	0.96	0.692307692308
2121	2005-10-22	0.95	0.615384615385
2122	2005-10-23	0.95	0.615384615385
2123	2005-10-24	0.95	0.615384615385
2124	2005-10-25	0.95	0.615384615385
2125	2005-10-26	0.95	0.615384615385
2126	2005-10-27	0.94	0.538461538462
2127	2005-10-28	0.96	0.692307692308
2128	2005-10-29	1.0	1.0
2129	2005-10-30	1.0	1.0
2130	2005-10-31	1.0	1.0
2131	2005-11-01	1.0	1.0
2132	2005-11-02	1.0	1.0
2133	2005-11-03	1.0	1.0
2134	2005-11-04	0.97	0.769230769231
2135	2005-11-05	0.95	0.615384615385
2136	2005-11-06	0.94	0.538461538462
2137	2005-11-07	0.95	0.615384615385
2138	2005-11-08	0.94	0.538461538462
2139	2005-11-09	1.0	1.0
2140	2005-11-10	1.0	1.0
2141	2005-11-11	1.0	1.0
2142	2005-11-12	1.0	1.0
2143	2005-11-13	0.97	0.769230769231
2144	2005-11-14	0.95	0.615384615385
2145	2005-11-15	0.95	0.615384615385
2146	2005-11-16	0.95	0.615384615385
2147	2005-11-17	1.0	1.0
2148	2005-11-18	1.0	1.0
2149	2005-11-19	1.0	1.0
2150	2005-11-20	1.0	1.0
2151	2005-11-21	1.0	1.0
2152	2005-11-22	1.0	1.0
2153	2005-11-23	0.96	0.692307692308
2154	2005-11-24	0.95	0.615384615385
2155	2005-11-25	1.0	1.0
2156	2005-11-26	1.0	1.0
2157	2005-11-27	1.0	1.0
2158	2005-11-28	0.96	0.692307692308
2159	2005-11-29	0.96	0.692307692308
2160	2005-11-30	0.96	0.692307692308
2161	2005-12-01	1.0	1.0
2162	2005-12-02	1.0	1.0
2163	2005-12-03	0.97	0.769230769231
2164	2005-12-04	1.0	1.0
2165	2005-12-05	1.0	1.0
2166	2005-12-06	1.0	1.0
2167	2005-12-07	1.0	1.0
2168	2005-12-08	1.0	1.0
2169	2005-12-09	1.0	1.0
2170	2005-12-10	1.0	1.0
2171	2005-12-11	1.0	1.0
2172	2005-12-12	1.0	1.0
2173	2005-12-13	1.0	1.0
2174	2005-12-14	0.96	0.692307692308
2175	2005-12-15	1.0	1.0
2176	2005-12-16	1.0	1.0
2177	2005-12-17	0.95	0.615384615385
2178	2005-12-18	0.94	0.538461538462
2179	2005-12-19	0.96	0.692307692308
2180	2005-12-20	1.0	1.0
2181	2005-12-21	1.0	1.0
2182	2005-12-22	1.0	1.0
2183	2005-12-23	1.0	1.0
2184	2005-12-24	1.0	1.0
2185	2005-12-25	0.94	0.538461538462
2186	2005-12-26	1.0	1.0
2187	2005-12-27	1.0	1.0
2188	2005-12-28	1.0	1.0
2189	2005-12-29	1.0	1.0
2190	2005-12-30	1.0	1.0
2191	2005-12-31	1.0	1.0
2192	2006-01-01	1.0	1.0
2193	2006-01-02	1.0	1.0
2194	2006-01-03	1.0	1.0
2195	2006-01-04	1.0	1.0
2196	2006-01-05	0.96	0.692307692308
2197	2006-01-06	0.94	0.538461538462
2198	2006-01-07	0.96	0.692307692308
2199	2006-01-08	1.0	1.0
2200	2006-01-09	1.0	1.0
2201	2006-01-10	1.0	1.0
2202	2006-01-11	1.0	1.0
2203	2006-01-12	1.0	1.0
2204	2006-01-13	1.0	1.0
2205	2006-01-14	1.0	1.0
2206	2006-01-15	1.0	1.0
2207	2006-01-16	1.0	1.0
2208	2006-01-17	1.0	1.0
2209	2006-01-18	1.0	1.0
2210	2006-01-19	1.0	1.0
2211	2006-01-20	1.0	1.0
2212	2006-01-21	1.0	1.0
2213	2006-01-22	1.0	1.0
2214	2006-01-23	0.96	0.692307692308
2215	2006-01-24	1.0	1.0
2216	2006-01-25	1.0	1.0
2217	2006-01-26	0.95	0.615384615385
2218	2006-01-27	0.94	0.538461538462
2219	2006-01-28	0.95	0.615384615385
2220	2006-01-29	1.0	1.0
2221	2006-01-30	1.0	1.0
2222	2006-01-31	1.0	1.0
2223	2006-02-01	1.0	1.0
2224	2006-02-02	1.0	1.0
2225	2006-02-03	1.0	1.0
2226	2006-02-04	1.0	1.0
2227	2006-02-05	1.0	1.0
2228	2006-02-06	1.0	1.0
2229	2006-02-07	1.0	1.0
2230	2006-02-08	1.0	1.0
2231	2006-02-09	1.0	1.0
2232	2006-02-10	1.0	1.0
2233	2006-02-11	1.0	1.0
2234	2006-02-12	1.0	1.0
2235	2006-02-13	1.0	1.0
2236	2006-02-14	1.0	1.0
2237	2006-02-15	1.0	1.0
2238	2006-02-16	1.0	1.0
2239	2006-02-17	1.0	1.0
2240	2006-02-18	1.0	1.0
2241	2006-02-19	1.0	1.0
2242	2006-02-20	1.0	1.0
2243	2006-02-21	1.0	1.0
2244	2006-02-22	1.0	1.0
2245	2006-02-23	1.0	1.0
2246	2006-02-24	0.97	0.769230769231
2247	2006-02-25	0.95	0.615384615385
2248	2006-02-26	0.94	0.538461538462
2249	2006-02-27	0.96	0.692307692308
2250	2006-02-28	1.0	1.0
2251	2006-03-01	1.0	1.0
2252	2006-03-02	1.0	1.0
2253	2006-03-03	1.0	1.0
2254	2006-03-04	0.96	0.692307692308
2255	2006-03-05	0.97	0.769230769231
2256	2006-03-06	0.95	0.615384615385
2257	2006-03-07	0.94	0.538461538462
2258	2006-03-08	0.96	0.692307692308
2259	2006-03-09	1.0	1.0
2260	2006-03-10	1.0	1.0
2261	2006-03-11	1.0	1.0
2262	2006-03-12	1.0	1.0
2263	2006-03-13	1.0	1.0
2264	2006-03-14	1.0	1.0
2265	2006-03-15	1.0	1.0
2266	2006-03-16	1.0	1.0
2267	2006-03-17	1.0	1.0
2268	2006-03-18	1.0	1.0
2269	2006-03-19	1.0	1.0
2270	2006-03-20	1.0	1.0
2271	2006-03-21	1.0	1.0
2272	2006-03-22	1.0	1.0
2273	2006-03-23	1.0	1.0
2274	2006-03-24	1.0	1.0
2275	2006-03-25	1.0	1.0
2276	2006-03-26	1.0	1.0
2277	2006-03-27	1.0	1.0
2278	2006-03-28	1.0	1.0
2279	2006-03-29	1.0	1.0
2280	2006-03-30	1.0	1.0
2281	2006-03-31	1.0	1.0
2282	2006-04-01	1.0	1.0
2283	2006-04-02	1.0	1.0
2284	2006-04-03	1.0	1.0
2285	2006-04-04	1.0	1.0
2286	2006-04-05	1.0	1.0
2287	2006-04-06	1.0	1.0
2288	2006-04-07	1.0	1.0
2289	2006-04-08	1.0	1.0
2290	2006-04-09	1.0	1.0
2291	2006-04-10	1.0	1.0
2292	2006-04-11	1.0	1.0
2293	2006-04-12	1.0	1.0
2294	2006-04-13	1.0	1.0
2295	2006-04-14	0.97	0.769230769231
2296	2006-04-15	0.95	0.615384615385
2297	2006-04-16	1.0	1.0
2298	2006-04-17	1.0	1.0
2299	2006-04-18	1.0	1.0
2300	2006-04-19	1.0	1.0
2301	2006-04-20	1.0	1.0
2302	2006-04-21	1.0	1.0
2303	2006-04-22	1.0	1.0
2304	2006-04-23	0.96	0.692307692308
2305	2006-04-24	0.96	0.692307692308
2306	2006-04-25	0.96	0.692307692308
2307	2006-04-26	0.96	0.692307692308
2308	2006-04-27	0.96	0.692307692308
2309	2006-04-28	0.96	0.692307692308
2310	2006-04-29	0.96	0.692307692308
2311	2006-04-30	0.95	0.615384615385
2312	2006-05-01	0.95	0.615384615385
2313	2006-05-02	0.95	0.615384615385
2314	2006-05-03	0.95	0.615384615385
2315	2006-05-04	0.96	0.692307692308
2316	2006-05-05	0.96	0.692307692308
2317	2006-05-06	0.96	0.692307692308
2318	2006-05-07	0.95	0.615384615385
2319	2006-05-08	0.95	0.615384615385
2320	2006-05-09	0.95	0.615384615385
2321	2006-05-10	0.95	0.615384615385
2322	2006-05-11	0.95	0.615384615385
2323	2006-05-12	0.94	0.538461538462
2324	2006-05-13	0.94	0.538461538462
2325	2006-05-14	0.94	0.538461538462
2326	2006-05-15	0.92	0.384615384615
2327	2006-05-16	0.93	0.461538461538
2328	2006-05-17	0.93	0.461538461538
2329	2006-05-18	0.93	0.461538461538
2330	2006-05-19	0.96	0.692307692308
2331	2006-05-20	1.0	1.0
2332	2006-05-21	0.96	0.692307692308
2333	2006-05-22	0.95	0.615384615385
2334	2006-05-23	0.95	0.615384615385
2335	2006-05-24	0.94	0.538461538462
2336	2006-05-25	0.94	0.538461538462
2337	2006-05-26	0.93	0.461538461538
2338	2006-05-27	0.93	0.461538461538
2339	2006-05-28	0.92	0.384615384615
2340	2006-05-29	0.92	0.384615384615
2341	2006-05-30	0.92	0.384615384615
2342	2006-05-31	0.91	0.307692307692
2343	2006-06-01	0.92	0.384615384615
2344	2006-06-02	0.92	0.384615384615
2345	2006-06-03	0.92	0.384615384615
2346	2006-06-04	0.92	0.384615384615
2347	2006-06-05	0.92	0.384615384615
2348	2006-06-06	0.92	0.384615384615
2349	2006-06-07	0.91	0.307692307692
2350	2006-06-08	0.92	0.384615384615
2351	2006-06-09	0.93	0.461538461538
2352	2006-06-10	0.92	0.384615384615
2353	2006-06-11	0.91	0.307692307692
2354	2006-06-12	0.91	0.307692307692
2355	2006-06-13	0.91	0.307692307692
2356	2006-06-14	0.95	0.615384615385
2357	2006-06-15	0.96	0.692307692308
2358	2006-06-16	0.95	0.615384615385
2359	2006-06-17	0.95	0.615384615385
2360	2006-06-18	0.95	0.615384615385
2361	2006-06-19	0.93	0.461538461538
2362	2006-06-20	0.93	0.461538461538
2363	2006-06-21	0.92	0.384615384615
2364	2006-06-22	0.91	0.307692307692
2365	2006-06-23	0.92	0.384615384615
2366	2006-06-24	0.91	0.307692307692
2367	2006-06-25	0.9	0.230769230769
2368	2006-06-26	0.9	0.230769230769
2369	2006-06-27	0.89	0.153846153846
2370	2006-06-28	0.9	0.230769230769
2371	2006-06-29	0.89	0.153846153846
2372	2006-06-30	0.91	0.307692307692
2373	2006-07-01	0.9	0.230769230769
2374	2006-07-02	0.9	0.230769230769
2375	2006-07-03	0.9	0.230769230769
2376	2006-07-04	0.9	0.230769230769
2377	2006-07-05	0.9	0.230769230769
2378	2006-07-06	0.9	0.230769230769
2379	2006-07-07	0.9	0.230769230769
2380	2006-07-08	0.88	0.0769230769231
2381	2006-07-09	0.89	0.153846153846
2382	2006-07-10	0.9	0.230769230769
2383	2006-07-11	0.89	0.153846153846
2384	2006-07-12	0.89	0.153846153846
2385	2006-07-13	0.89	0.153846153846
2386	2006-07-14	0.89	0.153846153846
2387	2006-07-15	0.9	0.230769230769
2388	2006-07-16	0.91	0.307692307692
2389	2006-07-17	0.9	0.230769230769
2390	2006-07-18	0.9	0.230769230769
2391	2006-07-19	0.9	0.230769230769
2392	2006-07-20	0.91	0.307692307692
2393	2006-07-21	0.91	0.307692307692
2394	2006-07-22	0.9	0.230769230769
2395	2006-07-23	0.9	0.230769230769
2396	2006-07-24	0.91	0.307692307692
2397	2006-07-25	0.91	0.307692307692
2398	2006-07-26	0.9	0.230769230769
2399	2006-07-27	0.89	0.153846153846
2400	2006-07-28	0.89	0.153846153846
2401	2006-07-29	0.9	0.230769230769
2402	2006-07-30	0.9	0.230769230769
2403	2006-07-31	0.9	0.230769230769
2404	2006-08-01	0.9	0.230769230769
2405	2006-08-02	0.91	0.307692307692
2406	2006-08-03	0.91	0.307692307692
2407	2006-08-04	0.92	0.384615384615
2408	2006-08-05	0.92	0.384615384615
2409	2006-08-06	0.92	0.384615384615
2410	2006-08-07	0.91	0.307692307692
2411	2006-08-08	0.89	0.153846153846
2412	2006-08-09	0.9	0.230769230769
2413	2006-08-10	0.89	0.153846153846
2414	2006-08-11	0.9	0.230769230769
2415	2006-08-12	0.9	0.230769230769
2416	2006-08-13	0.9	0.230769230769
2417	2006-08-14	0.9	0.230769230769
2418	2006-08-15	0.9	0.230769230769
2419	2006-08-16	0.9	0.230769230769
2420	2006-08-17	0.9	0.230769230769
2421	2006-08-18	0.89	0.153846153846
2422	2006-08-19	0.9	0.230769230769
2423	2006-08-20	0.9	0.230769230769
2424	2006-08-21	0.9	0.230769230769
2425	2006-08-22	0.9	0.230769230769
2426	2006-08-23	0.9	0.230769230769
2427	2006-08-24	0.9	0.230769230769
2428	2006-08-25	0.9	0.230769230769
2429	2006-08-26	0.9	0.230769230769
2430	2006-08-27	0.9	0.230769230769
2431	2006-08-28	0.91	0.307692307692
2432	2006-08-29	0.92	0.384615384615
2433	2006-08-30	0.91	0.307692307692
2434	2006-08-31	0.9	0.230769230769
2435	2006-09-01	0.9	0.230769230769
2436	2006-09-02	0.91	0.307692307692
2437	2006-09-03	0.91	0.307692307692
2438	2006-09-04	0.91	0.307692307692
2439	2006-09-05	0.91	0.307692307692
2440	2006-09-06	0.91	0.307692307692
2441	2006-09-07	0.91	0.307692307692
2442	2006-09-08	0.9	0.230769230769
2443	2006-09-09	0.9	0.230769230769
2444	2006-09-10	0.91	0.307692307692
2445	2006-09-11	0.91	0.307692307692
2446	2006-09-12	0.9	0.230769230769
2447	2006-09-13	0.91	0.307692307692
2448	2006-09-14	0.91	0.307692307692
2449	2006-09-15	0.93	0.461538461538
2450	2006-09-16	0.93	0.461538461538
2451	2006-09-17	0.91	0.307692307692
2452	2006-09-18	0.96	0.692307692308
2453	2006-09-19	0.96	0.692307692308
2454	2006-09-20	0.92	0.384615384615
2455	2006-09-21	0.92	0.384615384615
2456	2006-09-22	0.91	0.307692307692
2457	2006-09-23	0.91	0.307692307692
2458	2006-09-24	0.9	0.230769230769
2459	2006-09-25	0.91	0.307692307692
2460	2006-09-26	0.91	0.307692307692
2461	2006-09-27	0.9	0.230769230769
2462	2006-09-28	0.9	0.230769230769
2463	2006-09-29	0.91	0.307692307692
2464	2006-09-30	0.92	0.384615384615
2465	2006-10-01	0.92	0.384615384615
2466	2006-10-02	0.91	0.307692307692
2467	2006-10-03	0.91	0.307692307692
2468	2006-10-04	0.92	0.384615384615
2469	2006-10-05	0.92	0.384615384615
2470	2006-10-06	0.93	0.461538461538
2471	2006-10-07	0.94	0.538461538462
2472	2006-10-08	0.94	0.538461538462
2473	2006-10-09	0.95	0.615384615385
2474	2006-10-10	0.94	0.538461538462
2475	2006-10-11	0.92	0.384615384615
2476	2006-10-12	0.91	0.307692307692
2477	2006-10-13	0.92	0.384615384615
2478	2006-10-14	0.93	0.461538461538
2479	2006-10-15	0.94	0.538461538462
2480	2006-10-16	0.93	0.461538461538
2481	2006-10-17	0.93	0.461538461538
2482	2006-10-18	0.94	0.538461538462
2483	2006-10-19	0.94	0.538461538462
2484	2006-10-20	1.0	1.0
2485	2006-10-21	1.0	1.0
2486	2006-10-22	1.0	1.0
2487	2006-10-23	1.0	1.0
2488	2006-10-24	0.96	0.692307692308
2489	2006-10-25	0.95	0.615384615385
2490	2006-10-26	0.95	0.615384615385
2491	2006-10-27	0.95	0.615384615385
2492	2006-10-28	0.93	0.461538461538
2493	2006-10-29	0.96	0.692307692308
2494	2006-10-30	0.96	0.692307692308
2495	2006-10-31	0.97	0.769230769231
2496	2006-11-01	0.94	0.538461538462
2497	2006-11-02	1.0	1.0
2498	2006-11-03	1.0	1.0
2499	2006-11-04	0.95	0.615384615385
2500	2006-11-05	1.0	1.0
2501	2006-11-06	1.0	1.0
2502	2006-11-07	1.0	1.0
2503	2006-11-08	1.0	1.0
2504	2006-11-09	1.0	1.0
2505	2006-11-10	1.0	1.0
2506	2006-11-11	1.0	1.0
2507	2006-11-12	1.0	1.0
2508	2006-11-13	1.0	1.0
2509	2006-11-14	1.0	1.0
2510	2006-11-15	1.0	1.0
2511	2006-11-16	1.0	1.0
2512	2006-11-17	1.0	1.0
2513	2006-11-18	1.0	1.0
2514	2006-11-19	0.94	0.538461538462
2515	2006-11-20	0.94	0.538461538462
2516	2006-11-21	0.93	0.461538461538
2517	2006-11-22	1.0	1.0
2518	2006-11-23	1.0	1.0
2519	2006-11-24	1.0	1.0
2520	2006-11-25	1.0	1.0
2521	2006-11-26	1.0	1.0
2522	2006-11-27	1.0	1.0
2523	2006-11-28	0.96	0.692307692308
2524	2006-11-29	1.0	1.0
2525	2006-11-30	1.0	1.0
2526	2006-12-01	1.0	1.0
2527	2006-12-02	1.0	1.0
2528	2006-12-03	0.96	0.692307692308
2529	2006-12-04	0.94	0.538461538462
2530	2006-12-05	0.94	0.538461538462
2531	2006-12-06	1.0	1.0
2532	2006-12-07	1.0	1.0
2533	2006-12-08	1.0	1.0
2534	2006-12-09	1.0	1.0
2535	2006-12-10	1.0	1.0
2536	2006-12-11	1.0	1.0
2537	2006-12-12	1.0	1.0
2538	2006-12-13	1.0	1.0
2539	2006-12-14	1.0	1.0
2540	2006-12-15	1.0	1.0
2541	2006-12-16	0.95	0.615384615385
2542	2006-12-17	0.97	0.769230769231
2543	2006-12-18	1.0	1.0
2544	2006-12-19	1.0	1.0
2545	2006-12-20	1.0	1.0
2546	2006-12-21	1.0	1.0
2547	2006-12-22	1.0	1.0
2548	2006-12-23	1.0	1.0
2549	2006-12-24	1.0	1.0
2550	2006-12-25	1.0	1.0
2551	2006-12-26	1.0	1.0
2552	2006-12-27	1.0	1.0
2553	2006-12-28	1.0	1.0
2554	2006-12-29	1.0	1.0
2555	2006-12-30	1.0	1.0
2556	2006-12-31	1.0	1.0
2557	2007-01-01	0.96	0.692307692308
2558	2007-01-02	0.95	0.615384615385
2559	2007-01-03	1.0	1.0
2560	2007-01-04	1.0	1.0
2561	2007-01-05	1.0	1.0
2562	2007-01-06	1.0	1.0
2563	2007-01-07	1.0	1.0
2564	2007-01-08	1.0	1.0
2565	2007-01-09	1.0	1.0
2566	2007-01-10	1.0	1.0
2567	2007-01-11	1.0	1.0
2568	2007-01-12	1.0	1.0
2569	2007-01-13	1.0	1.0
2570	2007-01-14	1.0	1.0
2571	2007-01-15	1.0	1.0
2572	2007-01-16	1.0	1.0
2573	2007-01-17	1.0	1.0
2574	2007-01-18	1.0	1.0
2575	2007-01-19	1.0	1.0
2576	2007-01-20	1.0	1.0
2577	2007-01-21	1.0	1.0
2578	2007-01-22	1.0	1.0
2579	2007-01-23	1.0	1.0
2580	2007-01-24	1.0	1.0
2581	2007-01-25	1.0	1.0
2582	2007-01-26	1.0	1.0
2583	2007-01-27	1.0	1.0
2584	2007-01-28	0.96	0.692307692308
2585	2007-01-29	0.95	0.615384615385
2586	2007-01-30	1.0	1.0
2587	2007-01-31	1.0	1.0
2588	2007-02-01	1.0	1.0
2589	2007-02-02	1.0	1.0
2590	2007-02-03	1.0	1.0
2591	2007-02-04	1.0	1.0
2592	2007-02-05	1.0	1.0
2593	2007-02-06	1.0	1.0
2594	2007-02-07	1.0	1.0
2595	2007-02-08	1.0	1.0
2596	2007-02-09	1.0	1.0
2597	2007-02-10	1.0	1.0
2598	2007-02-11	1.0	1.0
2599	2007-02-12	1.0	1.0
2600	2007-02-13	1.0	1.0
2601	2007-02-14	1.0	1.0
2602	2007-02-15	1.0	1.0
2603	2007-02-16	1.0	1.0
2604	2007-02-17	0.96	0.692307692308
2605	2007-02-18	1.0	1.0
2606	2007-02-19	1.0	1.0
2607	2007-02-20	1.0	1.0
2608	2007-02-21	1.0	1.0
2609	2007-02-22	1.0	1.0
2610	2007-02-23	1.0	1.0
2611	2007-02-24	1.0	1.0
2612	2007-02-25	1.0	1.0
2613	2007-02-26	1.0	1.0
2614	2007-02-27	1.0	1.0
2615	2007-02-28	1.0	1.0
2616	2007-03-01	1.0	1.0
2617	2007-03-02	1.0	1.0
2618	2007-03-03	1.0	1.0
2619	2007-03-04	1.0	1.0
2620	2007-03-05	1.0	1.0
2621	2007-03-06	1.0	1.0
2622	2007-03-07	1.0	1.0
2623	2007-03-08	1.0	1.0
2624	2007-03-09	1.0	1.0
2625	2007-03-10	1.0	1.0
2626	2007-03-11	0.96	0.692307692308
2627	2007-03-12	0.96	0.692307692308
2628	2007-03-13	0.96	0.692307692308
2629	2007-03-14	0.96	0.692307692308
2630	2007-03-15	1.0	1.0
2631	2007-03-16	1.0	1.0
2632	2007-03-17	1.0	1.0
2633	2007-03-18	1.0	1.0
2634	2007-03-19	1.0	1.0
2635	2007-03-20	1.0	1.0
2636	2007-03-21	0.95	0.615384615385
2637	2007-03-22	0.94	0.538461538462
2638	2007-03-23	0.93	0.461538461538
2639	2007-03-24	1.0	1.0
2640	2007-03-25	0.96	0.692307692308
2641	2007-03-26	0.96	0.692307692308
2642	2007-03-27	0.95	0.615384615385
2643	2007-03-28	1.0	1.0
2644	2007-03-29	0.96	0.692307692308
2645	2007-03-30	1.0	1.0
2646	2007-03-31	1.0	1.0
2647	2007-04-01	1.0	1.0
2648	2007-04-02	1.0	1.0
2649	2007-04-03	1.0	1.0
2650	2007-04-04	1.0	1.0
2651	2007-04-05	1.0	1.0
2652	2007-04-06	1.0	1.0
2653	2007-04-07	0.96	0.692307692308
2654	2007-04-08	0.95	0.615384615385
2655	2007-04-09	0.95	0.615384615385
2656	2007-04-10	1.0	1.0
2657	2007-04-11	1.0	1.0
2658	2007-04-12	1.0	1.0
2659	2007-04-13	1.0	1.0
2660	2007-04-14	1.0	1.0
2661	2007-04-15	1.0	1.0
2662	2007-04-16	0.97	0.769230769231
2663	2007-04-17	0.95	0.615384615385
2664	2007-04-18	1.0	1.0
2665	2007-04-19	1.0	1.0
2666	2007-04-20	1.0	1.0
2667	2007-04-21	1.0	1.0
2668	2007-04-22	1.0	1.0
2669	2007-04-23	1.0	1.0
2670	2007-04-24	1.0	1.0
2671	2007-04-25	1.0	1.0
2672	2007-04-26	1.0	1.0
2673	2007-04-27	1.0	1.0
2674	2007-04-28	1.0	1.0
2675	2007-04-29	1.0	1.0
2676	2007-04-30	1.0	1.0
2677	2007-05-01	1.0	1.0
2678	2007-05-02	0.96	0.692307692308
2679	2007-05-03	0.96	0.692307692308
2680	2007-05-04	0.95	0.615384615385
2681	2007-05-05	0.93	0.461538461538
2682	2007-05-06	0.93	0.461538461538
2683	2007-05-07	1.0	1.0
2684	2007-05-08	1.0	1.0
2685	2007-05-09	1.0	1.0
2686	2007-05-10	1.0	1.0
2687	2007-05-11	0.96	0.692307692308
2688	2007-05-12	0.95	0.615384615385
2689	2007-05-13	0.95	0.615384615385
2690	2007-05-14	0.93	0.461538461538
2691	2007-05-15	0.95	0.615384615385
2692	2007-05-16	0.93	0.461538461538
2693	2007-05-17	1.0	1.0
2694	2007-05-18	1.0	1.0
2695	2007-05-19	1.0	1.0
2696	2007-05-20	0.97	0.769230769231
2697	2007-05-21	0.95	0.615384615385
2698	2007-05-22	0.93	0.461538461538
2699	2007-05-23	0.93	0.461538461538
2700	2007-05-24	0.92	0.384615384615
2701	2007-05-25	0.91	0.307692307692
2702	2007-05-26	0.92	0.384615384615
2703	2007-05-27	0.92	0.384615384615
2704	2007-05-28	0.92	0.384615384615
2705	2007-05-29	0.92	0.384615384615
2706	2007-05-30	0.92	0.384615384615
2707	2007-05-31	0.92	0.384615384615
2708	2007-06-01	0.92	0.384615384615
2709	2007-06-02	0.93	0.461538461538
2710	2007-06-03	0.92	0.384615384615
2711	2007-06-04	0.93	0.461538461538
2712	2007-06-05	0.93	0.461538461538
2713	2007-06-06	0.92	0.384615384615
2714	2007-06-07	0.91	0.307692307692
2715	2007-06-08	0.94	0.538461538462
2716	2007-06-09	0.93	0.461538461538
2717	2007-06-10	0.91	0.307692307692
2718	2007-06-11	0.91	0.307692307692
2719	2007-06-12	0.95	0.615384615385
2720	2007-06-13	0.93	0.461538461538
2721	2007-06-14	0.92	0.384615384615
2722	2007-06-15	0.92	0.384615384615
2723	2007-06-16	0.91	0.307692307692
2724	2007-06-17	0.91	0.307692307692
2725	2007-06-18	0.91	0.307692307692
2726	2007-06-19	0.93	0.461538461538
2727	2007-06-20	0.91	0.307692307692
2728	2007-06-21	0.9	0.230769230769
2729	2007-06-22	0.9	0.230769230769
2730	2007-06-23	0.9	0.230769230769
2731	2007-06-24	0.9	0.230769230769
2732	2007-06-25	0.91	0.307692307692
2733	2007-06-26	0.9	0.230769230769
2734	2007-06-27	0.9	0.230769230769
2735	2007-06-28	0.9	0.230769230769
2736	2007-06-29	0.9	0.230769230769
2737	2007-06-30	0.9	0.230769230769
2738	2007-07-01	0.89	0.153846153846
2739	2007-07-02	0.89	0.153846153846
2740	2007-07-03	0.89	0.153846153846
2741	2007-07-04	0.9	0.230769230769
2742	2007-07-05	0.89	0.153846153846
2743	2007-07-06	0.89	0.153846153846
2744	2007-07-07	0.9	0.230769230769
2745	2007-07-08	0.9	0.230769230769
2746	2007-07-09	0.9	0.230769230769
2747	2007-07-10	0.9	0.230769230769
2748	2007-07-11	0.89	0.153846153846
2749	2007-07-12	0.88	0.0769230769231
2750	2007-07-13	0.88	0.0769230769231
2751	2007-07-14	0.89	0.153846153846
2752	2007-07-15	0.88	0.0769230769231
2753	2007-07-16	0.89	0.153846153846
2754	2007-07-17	0.89	0.153846153846
2755	2007-07-18	0.9	0.230769230769
2756	2007-07-19	0.91	0.307692307692
2757	2007-07-20	0.92	0.384615384615
2758	2007-07-21	0.91	0.307692307692
2759	2007-07-22	0.9	0.230769230769
2760	2007-07-23	0.9	0.230769230769
2761	2007-07-24	0.91	0.307692307692
2762	2007-07-25	0.91	0.307692307692
2763	2007-07-26	0.9	0.230769230769
2764	2007-07-27	0.9	0.230769230769
2765	2007-07-28	0.91	0.307692307692
2766	2007-07-29	0.91	0.307692307692
2767	2007-07-30	0.91	0.307692307692
2768	2007-07-31	0.91	0.307692307692
2769	2007-08-01	0.91	0.307692307692
2770	2007-08-02	0.91	0.307692307692
2771	2007-08-03	0.91	0.307692307692
2772	2007-08-04	0.91	0.307692307692
2773	2007-08-05	0.89	0.153846153846
2774	2007-08-06	0.89	0.153846153846
2775	2007-08-07	0.9	0.230769230769
2776	2007-08-08	0.9	0.230769230769
2777	2007-08-09	0.9	0.230769230769
2778	2007-08-10	0.9	0.230769230769
2779	2007-08-11	0.9	0.230769230769
2780	2007-08-12	0.9	0.230769230769
2781	2007-08-13	0.9	0.230769230769
2782	2007-08-14	0.9	0.230769230769
2783	2007-08-15	0.89	0.153846153846
2784	2007-08-16	0.89	0.153846153846
2785	2007-08-17	0.92	0.384615384615
2786	2007-08-18	0.93	0.461538461538
2787	2007-08-19	0.9	0.230769230769
2788	2007-08-20	0.89	0.153846153846
2789	2007-08-21	0.9	0.230769230769
2790	2007-08-22	0.9	0.230769230769
2791	2007-08-23	0.91	0.307692307692
2792	2007-08-24	0.91	0.307692307692
2793	2007-08-25	0.92	0.384615384615
2794	2007-08-26	0.91	0.307692307692
2795	2007-08-27	0.9	0.230769230769
2796	2007-08-28	0.9	0.230769230769
2797	2007-08-29	0.9	0.230769230769
2798	2007-08-30	0.9	0.230769230769
2799	2007-08-31	0.9	0.230769230769
2800	2007-09-01	0.9	0.230769230769
2801	2007-09-02	0.9	0.230769230769
2802	2007-09-03	0.9	0.230769230769
2803	2007-09-04	0.9	0.230769230769
2804	2007-09-05	0.91	0.307692307692
2805	2007-09-06	0.91	0.307692307692
2806	2007-09-07	0.9	0.230769230769
2807	2007-09-08	0.89	0.153846153846
2808	2007-09-09	0.88	0.0769230769231
2809	2007-09-10	0.89	0.153846153846
2810	2007-09-11	0.9	0.230769230769
2811	2007-09-12	0.9	0.230769230769
2812	2007-09-13	0.9	0.230769230769
2813	2007-09-14	0.92	0.384615384615
2814	2007-09-15	0.92	0.384615384615
2815	2007-09-16	0.91	0.307692307692
2816	2007-09-17	0.91	0.307692307692
2817	2007-09-18	0.91	0.307692307692
2818	2007-09-19	0.91	0.307692307692
2819	2007-09-20	0.91	0.307692307692
2820	2007-09-21	0.91	0.307692307692
2821	2007-09-22	0.91	0.307692307692
2822	2007-09-23	1.0	1.0
2823	2007-09-24	1.0	1.0
2824	2007-09-25	1.0	1.0
2825	2007-09-26	0.96	0.692307692308
2826	2007-09-27	0.94	0.538461538462
2827	2007-09-28	0.95	0.615384615385
2828	2007-09-29	0.95	0.615384615385
2829	2007-09-30	0.95	0.615384615385
2830	2007-10-01	0.95	0.615384615385
2831	2007-10-02	0.95	0.615384615385
2832	2007-10-03	0.95	0.615384615385
2833	2007-10-04	0.95	0.615384615385
2834	2007-10-05	0.95	0.615384615385
2835	2007-10-06	0.95	0.615384615385
2836	2007-10-07	0.96	0.692307692308
2837	2007-10-08	0.95	0.615384615385
2838	2007-10-09	0.95	0.615384615385
2839	2007-10-10	0.95	0.615384615385
2840	2007-10-11	0.95	0.615384615385
2841	2007-10-12	0.94	0.538461538462
2842	2007-10-13	0.95	0.615384615385
2843	2007-10-14	1.0	1.0
2844	2007-10-15	1.0	1.0
2845	2007-10-16	0.97	0.769230769231
2846	2007-10-17	0.96	0.692307692308
2847	2007-10-18	0.95	0.615384615385
2848	2007-10-19	0.95	0.615384615385
2849	2007-10-20	0.95	0.615384615385
2850	2007-10-21	0.95	0.615384615385
2851	2007-10-22	0.93	0.461538461538
2852	2007-10-23	0.94	0.538461538462
2853	2007-10-24	0.95	0.615384615385
2854	2007-10-25	0.95	0.615384615385
2855	2007-10-26	0.95	0.615384615385
2856	2007-10-27	0.95	0.615384615385
2857	2007-10-28	0.94	0.538461538462
2858	2007-10-29	0.93	0.461538461538
2859	2007-10-30	0.94	0.538461538462
2860	2007-10-31	0.94	0.538461538462
2861	2007-11-01	0.95	0.615384615385
2862	2007-11-02	0.94	0.538461538462
2863	2007-11-03	0.95	0.615384615385
2864	2007-11-04	0.95	0.615384615385
2865	2007-11-05	0.96	0.692307692308
2866	2007-11-06	1.0	1.0
2867	2007-11-07	1.0	1.0
2868	2007-11-08	1.0	1.0
2869	2007-11-09	1.0	1.0
2870	2007-11-10	1.0	1.0
2871	2007-11-11	1.0	1.0
2872	2007-11-12	0.96	0.692307692308
2873	2007-11-13	0.95	0.615384615385
2874	2007-11-14	1.0	1.0
2875	2007-11-15	1.0	1.0
2876	2007-11-16	1.0	1.0
2877	2007-11-17	1.0	1.0
2878	2007-11-18	1.0	1.0
2879	2007-11-19	1.0	1.0
2880	2007-11-20	1.0	1.0
2881	2007-11-21	1.0	1.0
2882	2007-11-22	1.0	1.0
2883	2007-11-23	0.97	0.769230769231
2884	2007-11-24	1.0	1.0
2885	2007-11-25	1.0	1.0
2886	2007-11-26	1.0	1.0
2887	2007-11-27	1.0	1.0
2888	2007-11-28	1.0	1.0
2889	2007-11-29	1.0	1.0
2890	2007-11-30	1.0	1.0
2891	2007-12-01	1.0	1.0
2892	2007-12-02	1.0	1.0
2893	2007-12-03	1.0	1.0
2894	2007-12-04	1.0	1.0
2895	2007-12-05	1.0	1.0
2896	2007-12-06	1.0	1.0
2897	2007-12-07	1.0	1.0
2898	2007-12-08	1.0	1.0
2899	2007-12-09	1.0	1.0
2900	2007-12-10	1.0	1.0
2901	2007-12-11	1.0	1.0
2902	2007-12-12	1.0	1.0
2903	2007-12-13	1.0	1.0
2904	2007-12-14	1.0	1.0
2905	2007-12-15	1.0	1.0
2906	2007-12-16	1.0	1.0
2907	2007-12-17	1.0	1.0
2908	2007-12-18	1.0	1.0
2909	2007-12-19	1.0	1.0
2910	2007-12-20	1.0	1.0
2911	2007-12-21	1.0	1.0
2912	2007-12-22	1.0	1.0
2913	2007-12-23	1.0	1.0
2914	2007-12-24	1.0	1.0
2915	2007-12-25	1.0	1.0
2916	2007-12-26	1.0	1.0
2917	2007-12-27	1.0	1.0
2918	2007-12-28	1.0	1.0
2919	2007-12-29	1.0	1.0
2920	2007-12-30	1.0	1.0
2921	2007-12-31	1.0	1.0
2922	2008-01-01	1.0	1.0
2923	2008-01-02	1.0	1.0
2924	2008-01-03	1.0	1.0
2925	2008-01-04	1.0	1.0
2926	2008-01-05	1.0	1.0
2927	2008-01-06	1.0	1.0
2928	2008-01-07	1.0	1.0
2929	2008-01-08	0.96	0.692307692308
2930	2008-01-09	0.95	0.615384615385
2931	2008-01-10	0.95	0.615384615385
2932	2008-01-11	1.0	1.0
2933	2008-01-12	1.0	1.0
2934	2008-01-13	1.0	1.0
2935	2008-01-14	1.0	1.0
2936	2008-01-15	1.0	1.0
2937	2008-01-16	1.0	1.0
2938	2008-01-17	1.0	1.0
2939	2008-01-18	1.0	1.0
2940	2008-01-19	1.0	1.0
2941	2008-01-20	1.0	1.0
2942	2008-01-21	1.0	1.0
2943	2008-01-22	1.0	1.0
2944	2008-01-23	1.0	1.0
2945	2008-01-24	1.0	1.0
2946	2008-01-25	1.0	1.0
2947	2008-01-26	1.0	1.0
2948	2008-01-27	1.0	1.0
2949	2008-01-28	1.0	1.0
2950	2008-01-29	1.0	1.0
2951	2008-01-30	1.0	1.0
2952	2008-01-31	1.0	1.0
2953	2008-02-01	1.0	1.0
2954	2008-02-02	1.0	1.0
2955	2008-02-03	1.0	1.0
2956	2008-02-04	1.0	1.0
2957	2008-02-05	1.0	1.0
2958	2008-02-06	1.0	1.0
2959	2008-02-07	0.96	0.692307692308
2960	2008-02-08	0.95	0.615384615385
2961	2008-02-09	0.95	0.615384615385
2962	2008-02-10	0.95	0.615384615385
2963	2008-02-11	1.0	1.0
2964	2008-02-12	1.0	1.0
2965	2008-02-13	1.0	1.0
2966	2008-02-14	1.0	1.0
2967	2008-02-15	0.96	0.692307692308
2968	2008-02-16	0.96	0.692307692308
2969	2008-02-17	0.95	0.615384615385
2970	2008-02-18	0.96	0.692307692308
2971	2008-02-19	1.0	1.0
2972	2008-02-20	1.0	1.0
2973	2008-02-21	1.0	1.0
2974	2008-02-22	0.96	0.692307692308
2975	2008-02-23	0.95	0.615384615385
2976	2008-02-24	0.95	0.615384615385
2977	2008-02-25	0.95	0.615384615385
2978	2008-02-26	1.0	1.0
2979	2008-02-27	1.0	1.0
2980	2008-02-28	1.0	1.0
2981	2008-02-29	1.0	1.0
2982	2008-03-01	1.0	1.0
2983	2008-03-02	1.0	1.0
2984	2008-03-03	1.0	1.0
2985	2008-03-04	1.0	1.0
2986	2008-03-05	0.95	0.615384615385
2987	2008-03-06	1.0	1.0
2988	2008-03-07	1.0	1.0
2989	2008-03-08	1.0	1.0
2990	2008-03-09	1.0	1.0
2991	2008-03-10	1.0	1.0
2992	2008-03-11	1.0	1.0
2993	2008-03-12	0.97	0.769230769231
2994	2008-03-13	1.0	1.0
2995	2008-03-14	1.0	1.0
2996	2008-03-15	1.0	1.0
2997	2008-03-16	1.0	1.0
2998	2008-03-17	0.97	0.769230769231
2999	2008-03-18	0.95	0.615384615385
3000	2008-03-19	1.0	1.0
3001	2008-03-20	1.0	1.0
3002	2008-03-21	0.95	0.615384615385
3003	2008-03-22	0.95	0.615384615385
3004	2008-03-23	0.93	0.461538461538
3005	2008-03-24	0.93	0.461538461538
3006	2008-03-25	0.93	0.461538461538
3007	2008-03-26	0.92	0.384615384615
3008	2008-03-27	0.92	0.384615384615
3009	2008-03-28	0.93	0.461538461538
3010	2008-03-29	0.93	0.461538461538
3011	2008-03-30	0.95	0.615384615385
3012	2008-03-31	1.0	1.0
3013	2008-04-01	1.0	1.0
3014	2008-04-02	1.0	1.0
3015	2008-04-03	1.0	1.0
3016	2008-04-04	1.0	1.0
3017	2008-04-05	1.0	1.0
3018	2008-04-06	0.96	0.692307692308
3019	2008-04-07	0.95	0.615384615385
3020	2008-04-08	0.95	0.615384615385
3021	2008-04-09	1.0	1.0
3022	2008-04-10	1.0	1.0
3023	2008-04-11	1.0	1.0
3024	2008-04-12	1.0	1.0
3025	2008-04-13	0.96	0.692307692308
3026	2008-04-14	0.96	0.692307692308
3027	2008-04-15	0.96	0.692307692308
3028	2008-04-16	0.96	0.692307692308
3029	2008-04-17	0.95	0.615384615385
3030	2008-04-18	0.95	0.615384615385
3031	2008-04-19	0.94	0.538461538462
3032	2008-04-20	0.93	0.461538461538
3033	2008-04-21	0.93	0.461538461538
3034	2008-04-22	0.94	0.538461538462
3035	2008-04-23	0.94	0.538461538462
3036	2008-04-24	0.94	0.538461538462
3037	2008-04-25	0.94	0.538461538462
3038	2008-04-26	0.95	0.615384615385
3039	2008-04-27	0.95	0.615384615385
3040	2008-04-28	0.96	0.692307692308
3041	2008-04-29	0.96	0.692307692308
3042	2008-04-30	0.95	0.615384615385
3043	2008-05-01	1.0	1.0
3044	2008-05-02	1.0	1.0
3045	2008-05-03	1.0	1.0
3046	2008-05-04	1.0	1.0
3047	2008-05-05	0.95	0.615384615385
3048	2008-05-06	0.94	0.538461538462
3049	2008-05-07	0.95	0.615384615385
3050	2008-05-08	1.0	1.0
3051	2008-05-09	1.0	1.0
3052	2008-05-10	0.96	0.692307692308
3053	2008-05-11	0.94	0.538461538462
3054	2008-05-12	0.93	0.461538461538
3055	2008-05-13	0.91	0.307692307692
3056	2008-05-14	0.92	0.384615384615
3057	2008-05-15	0.92	0.384615384615
3058	2008-05-16	0.91	0.307692307692
3059	2008-05-17	0.91	0.307692307692
3060	2008-05-18	0.93	0.461538461538
3061	2008-05-19	0.93	0.461538461538
3062	2008-05-20	0.92	0.384615384615
3063	2008-05-21	0.92	0.384615384615
3064	2008-05-22	0.95	0.615384615385
3065	2008-05-23	0.97	0.769230769231
3066	2008-05-24	0.95	0.615384615385
3067	2008-05-25	0.95	0.615384615385
3068	2008-05-26	0.96	0.692307692308
3069	2008-05-27	0.93	0.461538461538
3070	2008-05-28	0.93	0.461538461538
3071	2008-05-29	0.92	0.384615384615
3072	2008-05-30	0.92	0.384615384615
3073	2008-05-31	0.92	0.384615384615
3074	2008-06-01	0.92	0.384615384615
3075	2008-06-02	0.91	0.307692307692
3076	2008-06-03	0.91	0.307692307692
3077	2008-06-04	0.91	0.307692307692
3078	2008-06-05	0.91	0.307692307692
3079	2008-06-06	0.92	0.384615384615
3080	2008-06-07	0.94	0.538461538462
3081	2008-06-08	0.93	0.461538461538
3082	2008-06-09	0.92	0.384615384615
3083	2008-06-10	0.92	0.384615384615
3084	2008-06-11	0.91	0.307692307692
3085	2008-06-12	0.91	0.307692307692
3086	2008-06-13	0.92	0.384615384615
3087	2008-06-14	0.9	0.230769230769
3088	2008-06-15	0.9	0.230769230769
3089	2008-06-16	0.9	0.230769230769
3090	2008-06-17	0.9	0.230769230769
3091	2008-06-18	0.89	0.153846153846
3092	2008-06-19	0.89	0.153846153846
3093	2008-06-20	0.88	0.0769230769231
3094	2008-06-21	0.89	0.153846153846
3095	2008-06-22	0.9	0.230769230769
3096	2008-06-23	0.9	0.230769230769
3097	2008-06-24	0.9	0.230769230769
3098	2008-06-25	0.89	0.153846153846
3099	2008-06-26	0.89	0.153846153846
3100	2008-06-27	0.89	0.153846153846
3101	2008-06-28	0.9	0.230769230769
3102	2008-06-29	0.89	0.153846153846
3103	2008-06-30	0.9	0.230769230769
3104	2008-07-01	0.9	0.230769230769
3105	2008-07-02	0.9	0.230769230769
3106	2008-07-03	0.91	0.307692307692
3107	2008-07-04	0.9	0.230769230769
3108	2008-07-05	0.89	0.153846153846
3109	2008-07-06	0.9	0.230769230769
3110	2008-07-07	0.9	0.230769230769
3111	2008-07-08	0.89	0.153846153846
3112	2008-07-09	0.88	0.0769230769231
3113	2008-07-10	0.89	0.153846153846
3114	2008-07-11	0.9	0.230769230769
3115	2008-07-12	0.9	0.230769230769
3116	2008-07-13	0.9	0.230769230769
3117	2008-07-14	0.91	0.307692307692
3118	2008-07-15	0.9	0.230769230769
3119	2008-07-16	0.9	0.230769230769
3120	2008-07-17	0.91	0.307692307692
3121	2008-07-18	0.9	0.230769230769
3122	2008-07-19	0.9	0.230769230769
3123	2008-07-20	0.9	0.230769230769
3124	2008-07-21	0.9	0.230769230769
3125	2008-07-22	0.9	0.230769230769
3126	2008-07-23	0.9	0.230769230769
3127	2008-07-24	0.9	0.230769230769
3128	2008-07-25	0.89	0.153846153846
3129	2008-07-26	0.89	0.153846153846
3130	2008-07-27	0.89	0.153846153846
3131	2008-07-28	0.89	0.153846153846
3132	2008-07-29	0.89	0.153846153846
3133	2008-07-30	0.9	0.230769230769
3134	2008-07-31	0.9	0.230769230769
3135	2008-08-01	0.9	0.230769230769
3136	2008-08-02	0.9	0.230769230769
3137	2008-08-03	0.91	0.307692307692
3138	2008-08-04	0.91	0.307692307692
3139	2008-08-05	0.91	0.307692307692
3140	2008-08-06	0.91	0.307692307692
3141	2008-08-07	0.91	0.307692307692
3142	2008-08-08	0.9	0.230769230769
3143	2008-08-09	0.9	0.230769230769
3144	2008-08-10	0.89	0.153846153846
3145	2008-08-11	0.91	0.307692307692
3146	2008-08-12	0.91	0.307692307692
3147	2008-08-13	0.9	0.230769230769
3148	2008-08-14	0.9	0.230769230769
3149	2008-08-15	0.92	0.384615384615
3150	2008-08-16	0.93	0.461538461538
3151	2008-08-17	0.92	0.384615384615
3152	2008-08-18	0.91	0.307692307692
3153	2008-08-19	0.91	0.307692307692
3154	2008-08-20	0.89	0.153846153846
3155	2008-08-21	0.89	0.153846153846
3156	2008-08-22	0.9	0.230769230769
3157	2008-08-23	0.89	0.153846153846
3158	2008-08-24	0.95	0.615384615385
3159	2008-08-25	0.97	0.769230769231
3160	2008-08-26	0.96	0.692307692308
3161	2008-08-27	0.95	0.615384615385
3162	2008-08-28	0.96	0.692307692308
3163	2008-08-29	0.96	0.692307692308
3164	2008-08-30	0.96	0.692307692308
3165	2008-08-31	0.95	0.615384615385
3166	2008-09-01	0.95	0.615384615385
3167	2008-09-02	0.92	0.384615384615
3168	2008-09-03	0.93	0.461538461538
3169	2008-09-04	0.92	0.384615384615
3170	2008-09-05	0.93	0.461538461538
3171	2008-09-06	0.92	0.384615384615
3172	2008-09-07	0.91	0.307692307692
3173	2008-09-08	0.91	0.307692307692
3174	2008-09-09	0.91	0.307692307692
3175	2008-09-10	0.91	0.307692307692
3176	2008-09-11	0.9	0.230769230769
3177	2008-09-12	0.91	0.307692307692
3178	2008-09-13	0.91	0.307692307692
3179	2008-09-14	0.91	0.307692307692
3180	2008-09-15	0.9	0.230769230769
3181	2008-09-16	0.91	0.307692307692
3182	2008-09-17	0.9	0.230769230769
3183	2008-09-18	0.91	0.307692307692
3184	2008-09-19	0.9	0.230769230769
3185	2008-09-20	0.9	0.230769230769
3186	2008-09-21	0.9	0.230769230769
3187	2008-09-22	0.92	0.384615384615
3188	2008-09-23	0.93	0.461538461538
3189	2008-09-24	0.93	0.461538461538
3190	2008-09-25	0.93	0.461538461538
3191	2008-09-26	0.93	0.461538461538
3192	2008-09-27	0.96	0.692307692308
3193	2008-09-28	0.97	0.769230769231
3194	2008-09-29	1.0	1.0
3195	2008-09-30	0.97	0.769230769231
3196	2008-10-01	0.96	0.692307692308
3197	2008-10-02	0.95	0.615384615385
3198	2008-10-03	0.94	0.538461538462
3199	2008-10-04	0.95	0.615384615385
3200	2008-10-05	0.95	0.615384615385
3201	2008-10-06	0.94	0.538461538462
3202	2008-10-07	0.94	0.538461538462
3203	2008-10-08	0.93	0.461538461538
3204	2008-10-09	0.93	0.461538461538
3205	2008-10-10	0.93	0.461538461538
3206	2008-10-11	0.94	0.538461538462
3207	2008-10-12	0.95	0.615384615385
3208	2008-10-13	0.94	0.538461538462
3209	2008-10-14	0.94	0.538461538462
3210	2008-10-15	0.92	0.384615384615
3211	2008-10-16	0.93	0.461538461538
3212	2008-10-17	0.93	0.461538461538
3213	2008-10-18	0.93	0.461538461538
3214	2008-10-19	0.95	0.615384615385
3215	2008-10-20	0.93	0.461538461538
3216	2008-10-21	0.92	0.384615384615
3217	2008-10-22	0.93	0.461538461538
3218	2008-10-23	0.94	0.538461538462
3219	2008-10-24	0.94	0.538461538462
3220	2008-10-25	0.94	0.538461538462
3221	2008-10-26	0.94	0.538461538462
3222	2008-10-27	0.93	0.461538461538
3223	2008-10-28	0.91	0.307692307692
3224	2008-10-29	0.91	0.307692307692
3225	2008-10-30	0.92	0.384615384615
3226	2008-10-31	0.93	0.461538461538
3227	2008-11-01	0.93	0.461538461538
3228	2008-11-02	0.93	0.461538461538
3229	2008-11-03	1.0	1.0
3230	2008-11-04	1.0	1.0
3231	2008-11-05	1.0	1.0
3232	2008-11-06	1.0	1.0
3233	2008-11-07	1.0	1.0
3234	2008-11-08	1.0	1.0
3235	2008-11-09	1.0	1.0
3236	2008-11-10	1.0	1.0
3237	2008-11-11	1.0	1.0
3238	2008-11-12	1.0	1.0
3239	2008-11-13	1.0	1.0
3240	2008-11-14	1.0	1.0
3241	2008-11-15	0.96	0.692307692308
3242	2008-11-16	0.96	0.692307692308
3243	2008-11-17	1.0	1.0
3244	2008-11-18	1.0	1.0
3245	2008-11-19	1.0	1.0
3246	2008-11-20	1.0	1.0
3247	2008-11-21	1.0	1.0
3248	2008-11-22	1.0	1.0
3249	2008-11-23	1.0	1.0
3250	2008-11-24	1.0	1.0
3251	2008-11-25	1.0	1.0
3252	2008-11-26	1.0	1.0
3253	2008-11-27	1.0	1.0
3254	2008-11-28	1.0	1.0
3255	2008-11-29	1.0	1.0
3256	2008-11-30	1.0	1.0
3257	2008-12-01	1.0	1.0
3258	2008-12-02	1.0	1.0
3259	2008-12-03	1.0	1.0
3260	2008-12-04	1.0	1.0
3261	2008-12-05	1.0	1.0
3262	2008-12-06	1.0	1.0
3263	2008-12-07	1.0	1.0
3264	2008-12-08	1.0	1.0
3265	2008-12-09	1.0	1.0
3266	2008-12-10	1.0	1.0
3267	2008-12-11	1.0	1.0
3268	2008-12-12	0.96	0.692307692308
3269	2008-12-13	1.0	1.0
3270	2008-12-14	1.0	1.0
3271	2008-12-15	1.0	1.0
3272	2008-12-16	1.0	1.0
3273	2008-12-17	1.0	1.0
3274	2008-12-18	1.0	1.0
3275	2008-12-19	0.96	0.692307692308
3276	2008-12-20	1.0	1.0
3277	2008-12-21	1.0	1.0
3278	2008-12-22	1.0	1.0
3279	2008-12-23	1.0	1.0
3280	2008-12-24	1.0	1.0
3281	2008-12-25	1.0	1.0
3282	2008-12-26	1.0	1.0
3283	2008-12-27	1.0	1.0
3284	2008-12-28	1.0	1.0
3285	2008-12-29	0.96	0.692307692308
3286	2008-12-30	0.96	0.692307692308
3287	2008-12-31	0.95	0.615384615385
3288	2009-01-01	1.0	1.0
3289	2009-01-02	1.0	1.0
3290	2009-01-03	1.0	1.0
3291	2009-01-04	1.0	1.0
3292	2009-01-05	1.0	1.0
3293	2009-01-06	1.0	1.0
3294	2009-01-07	1.0	1.0
3295	2009-01-08	1.0	1.0
3296	2009-01-09	1.0	1.0
3297	2009-01-10	1.0	1.0
3298	2009-01-11	1.0	1.0
3299	2009-01-12	1.0	1.0
3300	2009-01-13	1.0	1.0
3301	2009-01-14	1.0	1.0
3302	2009-01-15	1.0	1.0
3303	2009-01-16	1.0	1.0
3304	2009-01-17	1.0	1.0
3305	2009-01-18	1.0	1.0
3306	2009-01-19	0.95	0.615384615385
3307	2009-01-20	1.0	1.0
3308	2009-01-21	0.97	0.769230769231
3309	2009-01-22	1.0	1.0
3310	2009-01-23	1.0	1.0
3311	2009-01-24	1.0	1.0
3312	2009-01-25	1.0	1.0
3313	2009-01-26	1.0	1.0
3314	2009-01-27	1.0	1.0
3315	2009-01-28	1.0	1.0
3316	2009-01-29	1.0	1.0
3317	2009-01-30	1.0	1.0
3318	2009-01-31	1.0	1.0
3319	2009-02-01	1.0	1.0
3320	2009-02-02	1.0	1.0
3321	2009-02-03	1.0	1.0
3322	2009-02-04	1.0	1.0
3323	2009-02-05	1.0	1.0
3324	2009-02-06	1.0	1.0
3325	2009-02-07	1.0	1.0
3326	2009-02-08	1.0	1.0
3327	2009-02-09	1.0	1.0
3328	2009-02-10	1.0	1.0
3329	2009-02-11	1.0	1.0
3330	2009-02-12	0.96	0.692307692308
3331	2009-02-13	1.0	1.0
3332	2009-02-14	1.0	1.0
3333	2009-02-15	1.0	1.0
3334	2009-02-16	1.0	1.0
3335	2009-02-17	1.0	1.0
3336	2009-02-18	0.96	0.692307692308
3337	2009-02-19	1.0	1.0
3338	2009-02-20	1.0	1.0
3339	2009-02-21	1.0	1.0
3340	2009-02-22	1.0	1.0
3341	2009-02-23	1.0	1.0
3342	2009-02-24	1.0	1.0
3343	2009-02-25	1.0	1.0
3344	2009-02-26	1.0	1.0
3345	2009-02-27	1.0	1.0
3346	2009-02-28	1.0	1.0
3347	2009-03-01	0.97	0.769230769231
3348	2009-03-02	0.96	0.692307692308
3349	2009-03-03	1.0	1.0
3350	2009-03-04	0.96	0.692307692308
3351	2009-03-05	1.0	1.0
3352	2009-03-06	1.0	1.0
3353	2009-03-07	1.0	1.0
3354	2009-03-08	1.0	1.0
3355	2009-03-09	1.0	1.0
3356	2009-03-10	1.0	1.0
3357	2009-03-11	1.0	1.0
3358	2009-03-12	1.0	1.0
3359	2009-03-13	1.0	1.0
3360	2009-03-14	1.0	1.0
3361	2009-03-15	1.0	1.0
3362	2009-03-16	1.0	1.0
3363	2009-03-17	1.0	1.0
3364	2009-03-18	1.0	1.0
3365	2009-03-19	1.0	1.0
3366	2009-03-20	1.0	1.0
3367	2009-03-21	1.0	1.0
3368	2009-03-22	1.0	1.0
3369	2009-03-23	1.0	1.0
3370	2009-03-24	1.0	1.0
3371	2009-03-25	1.0	1.0
3372	2009-03-26	1.0	1.0
3373	2009-03-27	1.0	1.0
3374	2009-03-28	1.0	1.0
3375	2009-03-29	0.97	0.769230769231
3376	2009-03-30	1.0	1.0
3377	2009-03-31	1.0	1.0
3378	2009-04-01	0.96	0.692307692308
3379	2009-04-02	0.94	0.538461538462
3380	2009-04-03	0.96	0.692307692308
3381	2009-04-04	1.0	1.0
3382	2009-04-05	1.0	1.0
3383	2009-04-06	1.0	1.0
3384	2009-04-07	1.0	1.0
3385	2009-04-08	0.96	0.692307692308
3386	2009-04-09	0.97	0.769230769231
3387	2009-04-10	0.97	0.769230769231
3388	2009-04-11	0.96	0.692307692308
3389	2009-04-12	0.96	0.692307692308
3390	2009-04-13	0.96	0.692307692308
3391	2009-04-14	1.0	1.0
3392	2009-04-15	1.0	1.0
3393	2009-04-16	1.0	1.0
3394	2009-04-17	1.0	1.0
3395	2009-04-18	1.0	1.0
3396	2009-04-19	1.0	1.0
3397	2009-04-20	1.0	1.0
3398	2009-04-21	1.0	1.0
3399	2009-04-22	1.0	1.0
3400	2009-04-23	1.0	1.0
3401	2009-04-24	1.0	1.0
3402	2009-04-25	1.0	1.0
3403	2009-04-26	1.0	1.0
3404	2009-04-27	0.96	0.692307692308
3405	2009-04-28	0.95	0.615384615385
3406	2009-04-29	0.93	0.461538461538
3407	2009-04-30	0.95	0.615384615385
3408	2009-05-01	1.0	1.0
3409	2009-05-02	0.95	0.615384615385
3410	2009-05-03	0.94	0.538461538462
3411	2009-05-04	0.93	0.461538461538
3412	2009-05-05	0.94	0.538461538462
3413	2009-05-06	0.94	0.538461538462
3414	2009-05-07	0.96	0.692307692308
3415	2009-05-08	0.97	0.769230769231
3416	2009-05-09	0.96	0.692307692308
3417	2009-05-10	0.95	0.615384615385
3418	2009-05-11	0.95	0.615384615385
3419	2009-05-12	0.93	0.461538461538
3420	2009-05-13	0.93	0.461538461538
3421	2009-05-14	0.93	0.461538461538
3422	2009-05-15	0.95	0.615384615385
3423	2009-05-16	0.95	0.615384615385
3424	2009-05-17	0.94	0.538461538462
3425	2009-05-18	0.92	0.384615384615
3426	2009-05-19	0.93	0.461538461538
3427	2009-05-20	0.96	0.692307692308
3428	2009-05-21	0.96	0.692307692308
3429	2009-05-22	0.95	0.615384615385
3430	2009-05-23	0.94	0.538461538462
3431	2009-05-24	0.93	0.461538461538
3432	2009-05-25	0.92	0.384615384615
3433	2009-05-26	0.91	0.307692307692
3434	2009-05-27	0.91	0.307692307692
3435	2009-05-28	0.9	0.230769230769
3436	2009-05-29	0.91	0.307692307692
3437	2009-05-30	0.91	0.307692307692
3438	2009-05-31	0.91	0.307692307692
3439	2009-06-01	0.91	0.307692307692
3440	2009-06-02	0.92	0.384615384615
3441	2009-06-03	0.91	0.307692307692
3442	2009-06-04	0.92	0.384615384615
3443	2009-06-05	0.91	0.307692307692
3444	2009-06-06	0.9	0.230769230769
3445	2009-06-07	0.9	0.230769230769
3446	2009-06-08	0.92	0.384615384615
3447	2009-06-09	0.93	0.461538461538
3448	2009-06-10	0.93	0.461538461538
3449	2009-06-11	0.93	0.461538461538
3450	2009-06-12	0.91	0.307692307692
3451	2009-06-13	0.9	0.230769230769
3452	2009-06-14	0.89	0.153846153846
3453	2009-06-15	0.88	0.0769230769231
3454	2009-06-16	0.9	0.230769230769
3455	2009-06-17	0.9	0.230769230769
3456	2009-06-18	0.89	0.153846153846
3457	2009-06-19	0.91	0.307692307692
3458	2009-06-20	0.91	0.307692307692
3459	2009-06-21	0.9	0.230769230769
3460	2009-06-22	0.9	0.230769230769
3461	2009-06-23	0.9	0.230769230769
3462	2009-06-24	0.9	0.230769230769
3463	2009-06-25	0.91	0.307692307692
3464	2009-06-26	0.91	0.307692307692
3465	2009-06-27	0.9	0.230769230769
3466	2009-06-28	0.9	0.230769230769
3467	2009-06-29	0.9	0.230769230769
3468	2009-06-30	0.9	0.230769230769
3469	2009-07-01	0.9	0.230769230769
3470	2009-07-02	0.9	0.230769230769
3471	2009-07-03	0.9	0.230769230769
3472	2009-07-04	0.9	0.230769230769
3473	2009-07-05	0.89	0.153846153846
3474	2009-07-06	0.89	0.153846153846
3475	2009-07-07	0.9	0.230769230769
3476	2009-07-08	0.9	0.230769230769
3477	2009-07-09	0.89	0.153846153846
3478	2009-07-10	0.89	0.153846153846
3479	2009-07-11	0.89	0.153846153846
3480	2009-07-12	0.89	0.153846153846
3481	2009-07-13	0.9	0.230769230769
3482	2009-07-14	0.9	0.230769230769
3483	2009-07-15	0.9	0.230769230769
3484	2009-07-16	0.89	0.153846153846
3485	2009-07-17	0.89	0.153846153846
3486	2009-07-18	0.89	0.153846153846
3487	2009-07-19	0.89	0.153846153846
3488	2009-07-20	0.9	0.230769230769
3489	2009-07-21	0.89	0.153846153846
3490	2009-07-22	0.9	0.230769230769
3491	2009-07-23	0.9	0.230769230769
3492	2009-07-24	0.9	0.230769230769
3493	2009-07-25	0.9	0.230769230769
3494	2009-07-26	0.9	0.230769230769
3495	2009-07-27	0.9	0.230769230769
3496	2009-07-28	0.9	0.230769230769
3497	2009-07-29	0.9	0.230769230769
3498	2009-07-30	0.89	0.153846153846
3499	2009-07-31	0.89	0.153846153846
3500	2009-08-01	0.89	0.153846153846
3501	2009-08-02	0.9	0.230769230769
3502	2009-08-03	0.89	0.153846153846
3503	2009-08-04	0.9	0.230769230769
3504	2009-08-05	0.9	0.230769230769
3505	2009-08-06	0.9	0.230769230769
3506	2009-08-07	0.9	0.230769230769
3507	2009-08-08	0.9	0.230769230769
3508	2009-08-09	0.9	0.230769230769
3509	2009-08-10	0.9	0.230769230769
3510	2009-08-11	0.9	0.230769230769
3511	2009-08-12	0.9	0.230769230769
3512	2009-08-13	0.9	0.230769230769
3513	2009-08-14	0.9	0.230769230769
3514	2009-08-15	0.9	0.230769230769
3515	2009-08-16	0.9	0.230769230769
3516	2009-08-17	0.9	0.230769230769
3517	2009-08-18	0.9	0.230769230769
3518	2009-08-19	0.9	0.230769230769
3519	2009-08-20	0.9	0.230769230769
3520	2009-08-21	0.9	0.230769230769
3521	2009-08-22	0.89	0.153846153846
3522	2009-08-23	0.89	0.153846153846
3523	2009-08-24	0.89	0.153846153846
3524	2009-08-25	0.89	0.153846153846
3525	2009-08-26	0.89	0.153846153846
3526	2009-08-27	0.89	0.153846153846
3527	2009-08-28	0.9	0.230769230769
3528	2009-08-29	0.91	0.307692307692
3529	2009-08-30	0.91	0.307692307692
3530	2009-08-31	0.91	0.307692307692
3531	2009-09-01	0.92	0.384615384615
3532	2009-09-02	0.94	0.538461538462
3533	2009-09-03	0.95	0.615384615385
3534	2009-09-04	0.94	0.538461538462
3535	2009-09-05	0.95	0.615384615385
3536	2009-09-06	0.94	0.538461538462
3537	2009-09-07	0.93	0.461538461538
3538	2009-09-08	0.92	0.384615384615
3539	2009-09-09	0.91	0.307692307692
3540	2009-09-10	0.91	0.307692307692
3541	2009-09-11	0.91	0.307692307692
3542	2009-09-12	0.91	0.307692307692
3543	2009-09-13	0.91	0.307692307692
3544	2009-09-14	0.91	0.307692307692
3545	2009-09-15	0.91	0.307692307692
3546	2009-09-16	0.91	0.307692307692
3547	2009-09-17	0.91	0.307692307692
3548	2009-09-18	0.91	0.307692307692
3549	2009-09-19	0.92	0.384615384615
3550	2009-09-20	1.0	1.0
3551	2009-09-21	1.0	1.0
3552	2009-09-22	1.0	1.0
3553	2009-09-23	1.0	1.0
3554	2009-09-24	1.0	1.0
3555	2009-09-25	0.96	0.692307692308
3556	2009-09-26	0.96	0.692307692308
3557	2009-09-27	0.95	0.615384615385
3558	2009-09-28	0.96	0.692307692308
3559	2009-09-29	0.96	0.692307692308
3560	2009-09-30	0.95	0.615384615385
3561	2009-10-01	0.95	0.615384615385
3562	2009-10-02	0.94	0.538461538462
3563	2009-10-03	0.94	0.538461538462
3564	2009-10-04	0.94	0.538461538462
3565	2009-10-05	0.94	0.538461538462
3566	2009-10-06	0.94	0.538461538462
3567	2009-10-07	0.92	0.384615384615
3568	2009-10-08	0.91	0.307692307692
3569	2009-10-09	0.92	0.384615384615
3570	2009-10-10	0.94	0.538461538462
3571	2009-10-11	0.94	0.538461538462
3572	2009-10-12	0.95	0.615384615385
3573	2009-10-13	1.0	1.0
3574	2009-10-14	1.0	1.0
3575	2009-10-15	1.0	1.0
3576	2009-10-16	1.0	1.0
3577	2009-10-17	1.0	1.0
3578	2009-10-18	1.0	1.0
3579	2009-10-19	1.0	1.0
3580	2009-10-20	0.96	0.692307692308
3581	2009-10-21	0.95	0.615384615385
3582	2009-10-22	1.0	1.0
3583	2009-10-23	1.0	1.0
3584	2009-10-24	1.0	1.0
3585	2009-10-25	1.0	1.0
3586	2009-10-26	1.0	1.0
3587	2009-10-27	1.0	1.0
3588	2009-10-28	1.0	1.0
3589	2009-10-29	0.95	0.615384615385
3590	2009-10-30	0.95	0.615384615385
3591	2009-10-31	0.94	0.538461538462
3592	2009-11-01	0.95	0.615384615385
3593	2009-11-02	0.96	0.692307692308
3594	2009-11-03	0.94	0.538461538462
3595	2009-11-04	0.94	0.538461538462
3596	2009-11-05	0.94	0.538461538462
3597	2009-11-06	1.0	1.0
3598	2009-11-07	1.0	1.0
3599	2009-11-08	1.0	1.0
3600	2009-11-09	1.0	1.0
3601	2009-11-10	0.96	0.692307692308
3602	2009-11-11	0.96	0.692307692308
3603	2009-11-12	0.95	0.615384615385
3604	2009-11-13	0.95	0.615384615385
3605	2009-11-14	0.95	0.615384615385
3606	2009-11-15	0.95	0.615384615385
3607	2009-11-16	0.95	0.615384615385
3608	2009-11-17	0.95	0.615384615385
3609	2009-11-18	0.94	0.538461538462
3610	2009-11-19	0.94	0.538461538462
3611	2009-11-20	0.94	0.538461538462
3612	2009-11-21	1.0	1.0
3613	2009-11-22	1.0	1.0
3614	2009-11-23	0.95	0.615384615385
3615	2009-11-24	1.0	1.0
3616	2009-11-25	1.0	1.0
3617	2009-11-26	1.0	1.0
3618	2009-11-27	1.0	1.0
3619	2009-11-28	0.96	0.692307692308
3620	2009-11-29	0.92	0.384615384615
3621	2009-11-30	0.93	0.461538461538
3622	2009-12-01	1.0	1.0
3623	2009-12-02	1.0	1.0
3624	2009-12-03	1.0	1.0
3625	2009-12-04	1.0	1.0
3626	2009-12-05	1.0	1.0
3627	2009-12-06	0.95	0.615384615385
3628	2009-12-07	1.0	1.0
3629	2009-12-08	1.0	1.0
3630	2009-12-09	1.0	1.0
3631	2009-12-10	1.0	1.0
3632	2009-12-11	1.0	1.0
3633	2009-12-12	0.94	0.538461538462
3634	2009-12-13	1.0	1.0
3635	2009-12-14	1.0	1.0
3636	2009-12-15	1.0	1.0
3637	2009-12-16	1.0	1.0
3638	2009-12-17	1.0	1.0
3639	2009-12-18	1.0	1.0
3640	2009-12-19	1.0	1.0
3641	2009-12-20	1.0	1.0
3642	2009-12-21	1.0	1.0
3643	2009-12-22	1.0	1.0
3644	2009-12-23	1.0	1.0
3645	2009-12-24	1.0	1.0
3646	2009-12-25	1.0	1.0
3647	2009-12-26	1.0	1.0
3648	2009-12-27	1.0	1.0
3649	2009-12-28	1.0	1.0
3650	2009-12-29	1.0	1.0
3651	2009-12-30	1.0	1.0
3652	2009-12-31	1.0	1.0
3653	2010-01-01	1.0	1.0
3654	2010-01-02	1.0	1.0
3655	2010-01-03	1.0	1.0
3656	2010-01-04	1.0	1.0
3657	2010-01-05	1.0	1.0
3658	2010-01-06	1.0	1.0
3659	2010-01-07	1.0	1.0
3660	2010-01-08	1.0	1.0
3661	2010-01-09	1.0	1.0
3662	2010-01-10	1.0	1.0
3663	2010-01-11	1.0	1.0
3664	2010-01-12	1.0	1.0
3665	2010-01-13	1.0	1.0
3666	2010-01-14	1.0	1.0
3667	2010-01-15	1.0	1.0
3668	2010-01-16	1.0	1.0
3669	2010-01-17	1.0	1.0
3670	2010-01-18	1.0	1.0
3671	2010-01-19	1.0	1.0
3672	2010-01-20	1.0	1.0
3673	2010-01-21	1.0	1.0
3674	2010-01-22	1.0	1.0
3675	2010-01-23	1.0	1.0
3676	2010-01-24	1.0	1.0
3677	2010-01-25	1.0	1.0
3678	2010-01-26	1.0	1.0
3679	2010-01-27	1.0	1.0
3680	2010-01-28	1.0	1.0
3681	2010-01-29	1.0	1.0
3682	2010-01-30	1.0	1.0
3683	2010-01-31	1.0	1.0
3684	2010-02-01	1.0	1.0
3685	2010-02-02	1.0	1.0
3686	2010-02-03	1.0	1.0
3687	2010-02-04	1.0	1.0
3688	2010-02-05	1.0	1.0
3689	2010-02-06	1.0	1.0
3690	2010-02-07	1.0	1.0
3691	2010-02-08	1.0	1.0
3692	2010-02-09	1.0	1.0
3693	2010-02-10	1.0	1.0
3694	2010-02-11	1.0	1.0
3695	2010-02-12	1.0	1.0
3696	2010-02-13	1.0	1.0
3697	2010-02-14	1.0	1.0
3698	2010-02-15	1.0	1.0
3699	2010-02-16	1.0	1.0
3700	2010-02-17	1.0	1.0
3701	2010-02-18	1.0	1.0
3702	2010-02-19	1.0	1.0
3703	2010-02-20	1.0	1.0
3704	2010-02-21	1.0	1.0
3705	2010-02-22	1.0	1.0
3706	2010-02-23	1.0	1.0
3707	2010-02-24	1.0	1.0
3708	2010-02-25	1.0	1.0
3709	2010-02-26	1.0	1.0
3710	2010-02-27	1.0	1.0
3711	2010-02-28	1.0	1.0
3712	2010-03-01	1.0	1.0
3713	2010-03-02	1.0	1.0
3714	2010-03-03	1.0	1.0
3715	2010-03-04	0.96	0.692307692308
3716	2010-03-05	0.96	0.692307692308
3717	2010-03-06	1.0	1.0
3718	2010-03-07	1.0	1.0
3719	2010-03-08	1.0	1.0
3720	2010-03-09	1.0	1.0
3721	2010-03-10	1.0	1.0
3722	2010-03-11	1.0	1.0
3723	2010-03-12	1.0	1.0
3724	2010-03-13	1.0	1.0
3725	2010-03-14	0.96	0.692307692308
3726	2010-03-15	0.96	0.692307692308
3727	2010-03-16	1.0	1.0
3728	2010-03-17	1.0	1.0
3729	2010-03-18	1.0	1.0
3730	2010-03-19	1.0	1.0
3731	2010-03-20	1.0	1.0
3732	2010-03-21	1.0	1.0
3733	2010-03-22	1.0	1.0
3734	2010-03-23	1.0	1.0
3735	2010-03-24	0.97	0.769230769231
3736	2010-03-25	0.96	0.692307692308
3737	2010-03-26	0.95	0.615384615385
3738	2010-03-27	0.96	0.692307692308
3739	2010-03-28	1.0	1.0
3740	2010-03-29	1.0	1.0
3741	2010-03-30	1.0	1.0
3742	2010-03-31	1.0	1.0
3743	2010-04-01	0.96	0.692307692308
3744	2010-04-02	0.96	0.692307692308
3745	2010-04-03	1.0	1.0
3746	2010-04-04	1.0	1.0
3747	2010-04-05	1.0	1.0
3748	2010-04-06	0.95	0.615384615385
3749	2010-04-07	0.95	0.615384615385
3750	2010-04-08	1.0	1.0
3751	2010-04-09	1.0	1.0
3752	2010-04-10	1.0	1.0
3753	2010-04-11	1.0	1.0
3754	2010-04-12	1.0	1.0
3755	2010-04-13	1.0	1.0
3756	2010-04-14	1.0	1.0
3757	2010-04-15	1.0	1.0
3758	2010-04-16	1.0	1.0
3759	2010-04-17	1.0	1.0
3760	2010-04-18	1.0	1.0
3761	2010-04-19	0.95	0.615384615385
3762	2010-04-20	1.0	1.0
3763	2010-04-21	0.97	0.769230769231
3764	2010-04-22	0.95	0.615384615385
3765	2010-04-23	0.93	0.461538461538
3766	2010-04-24	0.93	0.461538461538
3767	2010-04-25	1.0	1.0
3768	2010-04-26	1.0	1.0
3769	2010-04-27	1.0	1.0
3770	2010-04-28	1.0	1.0
3771	2010-04-29	1.0	1.0
3772	2010-04-30	0.96	0.692307692308
3773	2010-05-01	0.97	0.769230769231
3774	2010-05-02	0.96	0.692307692308
3775	2010-05-03	0.95	0.615384615385
3776	2010-05-04	0.95	0.615384615385
3777	2010-05-05	0.95	0.615384615385
3778	2010-05-06	0.95	0.615384615385
3779	2010-05-07	0.95	0.615384615385
3780	2010-05-08	0.97	0.769230769231
3781	2010-05-09	1.0	1.0
3782	2010-05-10	1.0	1.0
3783	2010-05-11	0.96	0.692307692308
3784	2010-05-12	0.95	0.615384615385
3785	2010-05-13	0.95	0.615384615385
3786	2010-05-14	0.94	0.538461538462
3787	2010-05-15	0.95	0.615384615385
3788	2010-05-16	0.96	0.692307692308
3789	2010-05-17	0.95	0.615384615385
3790	2010-05-18	0.94	0.538461538462
3791	2010-05-19	0.93	0.461538461538
3792	2010-05-20	0.92	0.384615384615
3793	2010-05-21	0.92	0.384615384615
3794	2010-05-22	0.92	0.384615384615
3795	2010-05-23	0.92	0.384615384615
3796	2010-05-24	0.92	0.384615384615
3797	2010-05-25	0.92	0.384615384615
3798	2010-05-26	0.92	0.384615384615
3799	2010-05-27	0.91	0.307692307692
3800	2010-05-28	0.91	0.307692307692
3801	2010-05-29	0.91	0.307692307692
3802	2010-05-30	0.91	0.307692307692
3803	2010-05-31	0.92	0.384615384615
3804	2010-06-01	0.92	0.384615384615
3805	2010-06-02	0.91	0.307692307692
3806	2010-06-03	0.92	0.384615384615
3807	2010-06-04	0.91	0.307692307692
3808	2010-06-05	0.92	0.384615384615
3809	2010-06-06	0.95	0.615384615385
3810	2010-06-07	0.92	0.384615384615
3811	2010-06-08	0.9	0.230769230769
3812	2010-06-09	0.91	0.307692307692
3813	2010-06-10	0.9	0.230769230769
3814	2010-06-11	0.9	0.230769230769
3815	2010-06-12	0.9	0.230769230769
3816	2010-06-13	0.9	0.230769230769
3817	2010-06-14	0.92	0.384615384615
3818	2010-06-15	0.92	0.384615384615
3819	2010-06-16	0.91	0.307692307692
3820	2010-06-17	0.9	0.230769230769
3821	2010-06-18	0.91	0.307692307692
3822	2010-06-19	0.91	0.307692307692
3823	2010-06-20	0.91	0.307692307692
3824	2010-06-21	0.9	0.230769230769
3825	2010-06-22	0.9	0.230769230769
3826	2010-06-23	0.9	0.230769230769
3827	2010-06-24	0.92	0.384615384615
3828	2010-06-25	0.94	0.538461538462
3829	2010-06-26	0.92	0.384615384615
3830	2010-06-27	0.92	0.384615384615
3831	2010-06-28	0.91	0.307692307692
3832	2010-06-29	0.9	0.230769230769
3833	2010-06-30	0.9	0.230769230769
3834	2010-07-01	0.91	0.307692307692
3835	2010-07-02	0.9	0.230769230769
3836	2010-07-03	0.88	0.0769230769231
3837	2010-07-04	0.88	0.0769230769231
3838	2010-07-05	0.88	0.0769230769231
3839	2010-07-06	0.88	0.0769230769231
3840	2010-07-07	0.88	0.0769230769231
3841	2010-07-08	0.89	0.153846153846
3842	2010-07-09	0.89	0.153846153846
3843	2010-07-10	0.9	0.230769230769
3844	2010-07-11	0.9	0.230769230769
3845	2010-07-12	0.91	0.307692307692
3846	2010-07-13	0.91	0.307692307692
3847	2010-07-14	0.91	0.307692307692
3848	2010-07-15	0.9	0.230769230769
3849	2010-07-16	0.91	0.307692307692
3850	2010-07-17	0.91	0.307692307692
3851	2010-07-18	0.9	0.230769230769
3852	2010-07-19	0.89	0.153846153846
3853	2010-07-20	0.89	0.153846153846
3854	2010-07-21	0.89	0.153846153846
3855	2010-07-22	0.89	0.153846153846
3856	2010-07-23	0.89	0.153846153846
3857	2010-07-24	0.89	0.153846153846
3858	2010-07-25	0.9	0.230769230769
3859	2010-07-26	0.89	0.153846153846
3860	2010-07-27	0.89	0.153846153846
3861	2010-07-28	0.88	0.0769230769231
3862	2010-07-29	0.88	0.0769230769231
3863	2010-07-30	0.89	0.153846153846
3864	2010-07-31	0.89	0.153846153846
3865	2010-08-01	0.89	0.153846153846
3866	2010-08-02	0.89	0.153846153846
3867	2010-08-03	0.89	0.153846153846
3868	2010-08-04	0.9	0.230769230769
3869	2010-08-05	0.9	0.230769230769
3870	2010-08-06	0.88	0.0769230769231
3871	2010-08-07	0.9	0.230769230769
3872	2010-08-08	0.87	0.0
3873	2010-08-09	0.89	0.153846153846
3874	2010-08-10	0.9	0.230769230769
3875	2010-08-11	0.9	0.230769230769
3876	2010-08-12	0.9	0.230769230769
3877	2010-08-13	0.88	0.0769230769231
3878	2010-08-14	0.87	0.0
3879	2010-08-15	0.88	0.0769230769231
3880	2010-08-16	0.9	0.230769230769
3881	2010-08-17	0.89	0.153846153846
3882	2010-08-18	0.89	0.153846153846
3883	2010-08-19	0.89	0.153846153846
3884	2010-08-20	0.9	0.230769230769
3885	2010-08-21	0.89	0.153846153846
3886	2010-08-22	0.89	0.153846153846
3887	2010-08-23	0.9	0.230769230769
3888	2010-08-24	0.9	0.230769230769
3889	2010-08-25	0.89	0.153846153846
3890	2010-08-26	0.89	0.153846153846
3891	2010-08-27	0.89	0.153846153846
3892	2010-08-28	0.9	0.230769230769
3893	2010-08-29	0.88	0.0769230769231
3894	2010-08-30	0.88	0.0769230769231
3895	2010-08-31	0.88	0.0769230769231
3896	2010-09-01	0.88	0.0769230769231
3897	2010-09-02	0.9	0.230769230769
3898	2010-09-03	0.9	0.230769230769
3899	2010-09-04	0.89	0.153846153846
3900	2010-09-05	0.89	0.153846153846
3901	2010-09-06	0.9	0.230769230769
3902	2010-09-07	0.9	0.230769230769
3903	2010-09-08	0.9	0.230769230769
3904	2010-09-09	0.9	0.230769230769
3905	2010-09-10	0.9	0.230769230769
3906	2010-09-11	0.9	0.230769230769
3907	2010-09-12	0.9	0.230769230769
3908	2010-09-13	0.9	0.230769230769
3909	2010-09-14	0.9	0.230769230769
3910	2010-09-15	0.9	0.230769230769
3911	2010-09-16	0.9	0.230769230769
3912	2010-09-17	0.92	0.384615384615
3913	2010-09-18	0.94	0.538461538462
3914	2010-09-19	0.96	0.692307692308
3915	2010-09-20	0.97	0.769230769231
3916	2010-09-21	0.96	0.692307692308
3917	2010-09-22	0.96	0.692307692308
3918	2010-09-23	0.95	0.615384615385
3919	2010-09-24	0.94	0.538461538462
3920	2010-09-25	0.95	0.615384615385
3921	2010-09-26	0.95	0.615384615385
3922	2010-09-27	0.93	0.461538461538
3923	2010-09-28	0.93	0.461538461538
3924	2010-09-29	0.92	0.384615384615
3925	2010-09-30	0.91	0.307692307692
3926	2010-10-01	0.9	0.230769230769
3927	2010-10-02	0.9	0.230769230769
3928	2010-10-03	0.91	0.307692307692
3929	2010-10-04	0.97	0.769230769231
3930	2010-10-05	0.96	0.692307692308
3931	2010-10-06	0.92	0.384615384615
3932	2010-10-07	0.92	0.384615384615
3933	2010-10-08	0.94	0.538461538462
3934	2010-10-09	0.95	0.615384615385
3935	2010-10-10	0.94	0.538461538462
3936	2010-10-11	1.0	1.0
3937	2010-10-12	0.96	0.692307692308
3938	2010-10-13	0.96	0.692307692308
3939	2010-10-14	0.96	0.692307692308
3940	2010-10-15	0.96	0.692307692308
3941	2010-10-16	0.96	0.692307692308
3942	2010-10-17	0.96	0.692307692308
3943	2010-10-18	0.96	0.692307692308
3944	2010-10-19	0.97	0.769230769231
3945	2010-10-20	1.0	1.0
3946	2010-10-21	1.0	1.0
3947	2010-10-22	1.0	1.0
3948	2010-10-23	1.0	1.0
3949	2010-10-24	1.0	1.0
3950	2010-10-25	1.0	1.0
3951	2010-10-26	1.0	1.0
3952	2010-10-27	1.0	1.0
3953	2010-10-28	1.0	1.0
3954	2010-10-29	1.0	1.0
3955	2010-10-30	1.0	1.0
3956	2010-10-31	1.0	1.0
3957	2010-11-01	1.0	1.0
3958	2010-11-02	1.0	1.0
3959	2010-11-03	0.96	0.692307692308
3960	2010-11-04	0.93	0.461538461538
3961	2010-11-05	0.93	0.461538461538
3962	2010-11-06	1.0	1.0
3963	2010-11-07	1.0	1.0
3964	2010-11-08	1.0	1.0
3965	2010-11-09	0.95	0.615384615385
3966	2010-11-10	0.94	0.538461538462
3967	2010-11-11	1.0	1.0
3968	2010-11-12	1.0	1.0
3969	2010-11-13	1.0	1.0
3970	2010-11-14	0.95	0.615384615385
3971	2010-11-15	1.0	1.0
3972	2010-11-16	0.96	0.692307692308
3973	2010-11-17	0.96	0.692307692308
3974	2010-11-18	1.0	1.0
3975	2010-11-19	1.0	1.0
3976	2010-11-20	1.0	1.0
3977	2010-11-21	1.0	1.0
3978	2010-11-22	1.0	1.0
3979	2010-11-23	1.0	1.0
3980	2010-11-24	1.0	1.0
3981	2010-11-25	1.0	1.0
3982	2010-11-26	1.0	1.0
3983	2010-11-27	1.0	1.0
3984	2010-11-28	1.0	1.0
3985	2010-11-29	0.95	0.615384615385
3986	2010-11-30	0.93	0.461538461538
3987	2010-12-01	1.0	1.0
3988	2010-12-02	1.0	1.0
3989	2010-12-03	1.0	1.0
3990	2010-12-04	1.0	1.0
3991	2010-12-05	1.0	1.0
3992	2010-12-06	1.0	1.0
3993	2010-12-07	1.0	1.0
3994	2010-12-08	1.0	1.0
3995	2010-12-09	1.0	1.0
3996	2010-12-10	1.0	1.0
3997	2010-12-11	1.0	1.0
3998	2010-12-12	1.0	1.0
3999	2010-12-13	1.0	1.0
4000	2010-12-14	1.0	1.0
4001	2010-12-15	1.0	1.0
4002	2010-12-16	1.0	1.0
4003	2010-12-17	0.96	0.692307692308
4004	2010-12-18	1.0	1.0
4005	2010-12-19	1.0	1.0
4006	2010-12-20	0.96	0.692307692308
4007	2010-12-21	0.93	0.461538461538
4008	2010-12-22	0.95	0.615384615385
4009	2010-12-23	1.0	1.0
4010	2010-12-24	0.97	0.769230769231
4011	2010-12-25	1.0	1.0
4012	2010-12-26	1.0	1.0
4013	2010-12-27	1.0	1.0
4014	2010-12-28	1.0	1.0
4015	2010-12-29	1.0	1.0
4016	2010-12-30	1.0	1.0
4017	2010-12-31	1.0	1.0
4018	2011-01-01	1.0	1.0
4019	2011-01-02	1.0	1.0
4020	2011-01-03	1.0	1.0
4021	2011-01-04	1.0	1.0
4022	2011-01-05	1.0	1.0
4023	2011-01-06	1.0	1.0
4024	2011-01-07	1.0	1.0
4025	2011-01-08	1.0	1.0
4026	2011-01-09	1.0	1.0
4027	2011-01-10	1.0	1.0
4028	2011-01-11	1.0	1.0
4029	2011-01-12	1.0	1.0
4030	2011-01-13	1.0	1.0
4031	2011-01-14	0.96	0.692307692308
4032	2011-01-15	1.0	1.0
4033	2011-01-16	1.0	1.0
4034	2011-01-17	1.0	1.0
4035	2011-01-18	1.0	1.0
4036	2011-01-19	0.96	0.692307692308
4037	2011-01-20	0.95	0.615384615385
4038	2011-01-21	0.96	0.692307692308
4039	2011-01-22	1.0	1.0
4040	2011-01-23	1.0	1.0
4041	2011-01-24	1.0	1.0
4042	2011-01-25	1.0	1.0
4043	2011-01-26	1.0	1.0
4044	2011-01-27	1.0	1.0
4045	2011-01-28	1.0	1.0
4046	2011-01-29	1.0	1.0
4047	2011-01-30	1.0	1.0
4048	2011-01-31	0.97	0.769230769231
4049	2011-02-01	1.0	1.0
4050	2011-02-02	1.0	1.0
4051	2011-02-03	1.0	1.0
4052	2011-02-04	1.0	1.0
4053	2011-02-05	1.0	1.0
4054	2011-02-06	0.96	0.692307692308
4055	2011-02-07	1.0	1.0
4056	2011-02-08	1.0	1.0
4057	2011-02-09	1.0	1.0
4058	2011-02-10	1.0	1.0
4059	2011-02-11	1.0	1.0
4060	2011-02-12	1.0	1.0
4061	2011-02-13	1.0	1.0
4062	2011-02-14	1.0	1.0
4063	2011-02-15	1.0	1.0
4064	2011-02-16	1.0	1.0
4065	2011-02-17	1.0	1.0
4066	2011-02-18	1.0	1.0
4067	2011-02-19	1.0	1.0
4068	2011-02-20	1.0	1.0
4069	2011-02-21	1.0	1.0
4070	2011-02-22	1.0	1.0
4071	2011-02-23	1.0	1.0
4072	2011-02-24	1.0	1.0
4073	2011-02-25	0.96	0.692307692308
4074	2011-02-26	1.0	1.0
4075	2011-02-27	1.0	1.0
4076	2011-02-28	1.0	1.0
4077	2011-03-01	1.0	1.0
4078	2011-03-02	1.0	1.0
4079	2011-03-03	1.0	1.0
4080	2011-03-04	1.0	1.0
4081	2011-03-05	1.0	1.0
4082	2011-03-06	1.0	1.0
4083	2011-03-07	1.0	1.0
4084	2011-03-08	1.0	1.0
4085	2011-03-09	1.0	1.0
4086	2011-03-10	1.0	1.0
4087	2011-03-11	1.0	1.0
4088	2011-03-12	1.0	1.0
4089	2011-03-13	1.0	1.0
4090	2011-03-14	1.0	1.0
4091	2011-03-15	0.96	0.692307692308
4092	2011-03-16	1.0	1.0
4093	2011-03-17	1.0	1.0
4094	2011-03-18	1.0	1.0
4095	2011-03-19	1.0	1.0
4096	2011-03-20	1.0	1.0
4097	2011-03-21	1.0	1.0
4098	2011-03-22	1.0	1.0
4099	2011-03-23	1.0	1.0
4100	2011-03-24	1.0	1.0
4101	2011-03-25	1.0	1.0
4102	2011-03-26	1.0	1.0
4103	2011-03-27	1.0	1.0
4104	2011-03-28	1.0	1.0
4105	2011-03-29	0.97	0.769230769231
4106	2011-03-30	0.95	0.615384615385
4107	2011-03-31	0.95	0.615384615385
4108	2011-04-01	0.95	0.615384615385
4109	2011-04-02	0.96	0.692307692308
4110	2011-04-03	1.0	1.0
4111	2011-04-04	1.0	1.0
4112	2011-04-05	1.0	1.0
4113	2011-04-06	1.0	1.0
4114	2011-04-07	1.0	1.0
4115	2011-04-08	1.0	1.0
4116	2011-04-09	1.0	1.0
4117	2011-04-10	1.0	1.0
4118	2011-04-11	1.0	1.0
4119	2011-04-12	1.0	1.0
4120	2011-04-13	1.0	1.0
4121	2011-04-14	0.96	0.692307692308
4122	2011-04-15	0.95	0.615384615385
4123	2011-04-16	1.0	1.0
4124	2011-04-17	1.0	1.0
4125	2011-04-18	1.0	1.0
4126	2011-04-19	1.0	1.0
4127	2011-04-20	1.0	1.0
4128	2011-04-21	0.97	0.769230769231
4129	2011-04-22	0.96	0.692307692308
4130	2011-04-23	0.96	0.692307692308
4131	2011-04-24	0.95	0.615384615385
4132	2011-04-25	0.95	0.615384615385
4133	2011-04-26	1.0	1.0
4134	2011-04-27	1.0	1.0
4135	2011-04-28	0.97	0.769230769231
4136	2011-04-29	0.96	0.692307692308
4137	2011-04-30	0.95	0.615384615385
4138	2011-05-01	0.95	0.615384615385
4139	2011-05-02	0.95	0.615384615385
4140	2011-05-03	0.94	0.538461538462
4141	2011-05-04	0.93	0.461538461538
4142	2011-05-05	0.93	0.461538461538
4143	2011-05-06	0.93	0.461538461538
4144	2011-05-07	0.93	0.461538461538
4145	2011-05-08	0.92	0.384615384615
4146	2011-05-09	0.93	0.461538461538
4147	2011-05-10	0.94	0.538461538462
4148	2011-05-11	1.0	1.0
4149	2011-05-12	1.0	1.0
4150	2011-05-13	1.0	1.0
4151	2011-05-14	1.0	1.0
4152	2011-05-15	1.0	1.0
4153	2011-05-16	1.0	1.0
4154	2011-05-17	1.0	1.0
4155	2011-05-18	0.97	0.769230769231
4156	2011-05-19	0.96	0.692307692308
4157	2011-05-20	0.95	0.615384615385
4158	2011-05-21	0.96	0.692307692308
4159	2011-05-22	0.95	0.615384615385
4160	2011-05-23	0.95	0.615384615385
4161	2011-05-24	0.95	0.615384615385
4162	2011-05-25	0.92	0.384615384615
4163	2011-05-26	0.92	0.384615384615
4164	2011-05-27	0.92	0.384615384615
4165	2011-05-28	0.92	0.384615384615
4166	2011-05-29	0.92	0.384615384615
4167	2011-05-30	0.92	0.384615384615
4168	2011-05-31	0.92	0.384615384615
4169	2011-06-01	0.92	0.384615384615
4170	2011-06-02	0.94	0.538461538462
4171	2011-06-03	0.96	0.692307692308
4172	2011-06-04	1.0	1.0
4173	2011-06-05	0.97	0.769230769231
4174	2011-06-06	0.95	0.615384615385
4175	2011-06-07	0.94	0.538461538462
4176	2011-06-08	0.92	0.384615384615
4177	2011-06-09	0.91	0.307692307692
4178	2011-06-10	0.91	0.307692307692
4179	2011-06-11	0.9	0.230769230769
4180	2011-06-12	0.9	0.230769230769
4181	2011-06-13	0.9	0.230769230769
4182	2011-06-14	0.92	0.384615384615
4183	2011-06-15	0.95	0.615384615385
4184	2011-06-16	0.94	0.538461538462
4185	2011-06-17	0.92	0.384615384615
4186	2011-06-18	0.92	0.384615384615
4187	2011-06-19	0.92	0.384615384615
4188	2011-06-20	0.91	0.307692307692
4189	2011-06-21	0.9	0.230769230769
4190	2011-06-22	0.9	0.230769230769
4191	2011-06-23	0.95	0.615384615385
4192	2011-06-24	0.95	0.615384615385
4193	2011-06-25	0.93	0.461538461538
4194	2011-06-26	0.92	0.384615384615
4195	2011-06-27	0.92	0.384615384615
4196	2011-06-28	0.92	0.384615384615
4197	2011-06-29	0.92	0.384615384615
4198	2011-06-30	0.91	0.307692307692
4199	2011-07-01	0.91	0.307692307692
4200	2011-07-02	0.91	0.307692307692
4201	2011-07-03	0.91	0.307692307692
4202	2011-07-04	0.9	0.230769230769
4203	2011-07-05	0.9	0.230769230769
4204	2011-07-06	0.9	0.230769230769
4205	2011-07-07	0.9	0.230769230769
4206	2011-07-08	0.9	0.230769230769
4207	2011-07-09	0.89	0.153846153846
4208	2011-07-10	0.89	0.153846153846
4209	2011-07-11	0.89	0.153846153846
4210	2011-07-12	0.9	0.230769230769
4211	2011-07-13	0.91	0.307692307692
4212	2011-07-14	0.9	0.230769230769
4213	2011-07-15	0.89	0.153846153846
4214	2011-07-16	0.89	0.153846153846
4215	2011-07-17	0.89	0.153846153846
4216	2011-07-18	0.88	0.0769230769231
4217	2011-07-19	0.87	0.0
4218	2011-07-20	0.87	0.0
4219	2011-07-21	0.88	0.0769230769231
4220	2011-07-22	0.9	0.230769230769
4221	2011-07-23	0.9	0.230769230769
4222	2011-07-24	0.9	0.230769230769
4223	2011-07-25	0.9	0.230769230769
4224	2011-07-26	0.9	0.230769230769
4225	2011-07-27	0.9	0.230769230769
4226	2011-07-28	0.9	0.230769230769
4227	2011-07-29	0.9	0.230769230769
4228	2011-07-30	0.9	0.230769230769
4229	2011-07-31	0.9	0.230769230769
4230	2011-08-01	0.9	0.230769230769
4231	2011-08-02	0.9	0.230769230769
4232	2011-08-03	0.9	0.230769230769
4233	2011-08-04	0.9	0.230769230769
4234	2011-08-05	0.89	0.153846153846
4235	2011-08-06	0.9	0.230769230769
4236	2011-08-07	0.9	0.230769230769
4237	2011-08-08	0.9	0.230769230769
4238	2011-08-09	0.91	0.307692307692
4239	2011-08-10	0.91	0.307692307692
4240	2011-08-11	0.91	0.307692307692
4241	2011-08-12	0.9	0.230769230769
4242	2011-08-13	0.9	0.230769230769
4243	2011-08-14	0.9	0.230769230769
4244	2011-08-15	0.9	0.230769230769
4245	2011-08-16	0.9	0.230769230769
4246	2011-08-17	0.9	0.230769230769
4247	2011-08-18	0.9	0.230769230769
4248	2011-08-19	0.9	0.230769230769
4249	2011-08-20	0.9	0.230769230769
4250	2011-08-21	0.9	0.230769230769
4251	2011-08-22	0.9	0.230769230769
4252	2011-08-23	0.9	0.230769230769
4253	2011-08-24	0.9	0.230769230769
4254	2011-08-25	0.89	0.153846153846
4255	2011-08-26	0.89	0.153846153846
4256	2011-08-27	0.89	0.153846153846
4257	2011-08-28	0.9	0.230769230769
4258	2011-08-29	0.93	0.461538461538
4259	2011-08-30	0.93	0.461538461538
4260	2011-08-31	0.93	0.461538461538
4261	2011-09-01	0.92	0.384615384615
4262	2011-09-02	0.91	0.307692307692
4263	2011-09-03	0.91	0.307692307692
4264	2011-09-04	0.91	0.307692307692
4265	2011-09-05	0.91	0.307692307692
4266	2011-09-06	0.91	0.307692307692
4267	2011-09-07	0.91	0.307692307692
4268	2011-09-08	0.91	0.307692307692
4269	2011-09-09	0.91	0.307692307692
4270	2011-09-10	0.91	0.307692307692
4271	2011-09-11	0.91	0.307692307692
4272	2011-09-12	0.91	0.307692307692
4273	2011-09-13	0.91	0.307692307692
4274	2011-09-14	0.91	0.307692307692
4275	2011-09-15	0.92	0.384615384615
4276	2011-09-16	0.91	0.307692307692
4277	2011-09-17	0.91	0.307692307692
4278	2011-09-18	0.91	0.307692307692
4279	2011-09-19	0.92	0.384615384615
4280	2011-09-20	0.92	0.384615384615
4281	2011-09-21	0.92	0.384615384615
4282	2011-09-22	0.92	0.384615384615
4283	2011-09-23	0.92	0.384615384615
4284	2011-09-24	0.91	0.307692307692
4285	2011-09-25	0.91	0.307692307692
4286	2011-09-26	0.92	0.384615384615
4287	2011-09-27	0.92	0.384615384615
4288	2011-09-28	0.91	0.307692307692
4289	2011-09-29	0.92	0.384615384615
4290	2011-09-30	0.92	0.384615384615
4291	2011-10-01	0.92	0.384615384615
4292	2011-10-02	0.92	0.384615384615
4293	2011-10-03	0.95	0.615384615385
4294	2011-10-04	0.94	0.538461538462
4295	2011-10-05	0.94	0.538461538462
4296	2011-10-06	0.94	0.538461538462
4297	2011-10-07	0.95	0.615384615385
4298	2011-10-08	0.96	0.692307692308
4299	2011-10-09	0.95	0.615384615385
4300	2011-10-10	0.95	0.615384615385
4301	2011-10-11	0.94	0.538461538462
4302	2011-10-12	0.94	0.538461538462
4303	2011-10-13	0.95	0.615384615385
4304	2011-10-14	0.94	0.538461538462
4305	2011-10-15	0.92	0.384615384615
4306	2011-10-16	0.95	0.615384615385
4307	2011-10-17	0.97	0.769230769231
4308	2011-10-18	1.0	1.0
4309	2011-10-19	1.0	1.0
4310	2011-10-20	1.0	1.0
4311	2011-10-21	1.0	1.0
4312	2011-10-22	1.0	1.0
4313	2011-10-23	1.0	1.0
4314	2011-10-24	1.0	1.0
4315	2011-10-25	1.0	1.0
4316	2011-10-26	1.0	1.0
4317	2011-10-27	1.0	1.0
4318	2011-10-28	0.96	0.692307692308
4319	2011-10-29	1.0	1.0
4320	2011-10-30	0.97	0.769230769231
4321	2011-10-31	0.96	0.692307692308
4322	2011-11-01	0.94	0.538461538462
4323	2011-11-02	0.95	0.615384615385
4324	2011-11-03	0.95	0.615384615385
4325	2011-11-04	1.0	1.0
4326	2011-11-05	0.96	0.692307692308
4327	2011-11-06	0.94	0.538461538462
4328	2011-11-07	0.93	0.461538461538
4329	2011-11-08	0.92	0.384615384615
4330	2011-11-09	0.95	0.615384615385
4331	2011-11-10	0.96	0.692307692308
4332	2011-11-11	0.96	0.692307692308
4333	2011-11-12	0.94	0.538461538462
4334	2011-11-13	0.94	0.538461538462
4335	2011-11-14	0.94	0.538461538462
4336	2011-11-15	0.93	0.461538461538
4337	2011-11-16	0.94	0.538461538462
4338	2011-11-17	1.0	1.0
4339	2011-11-18	0.96	0.692307692308
4340	2011-11-19	0.95	0.615384615385
4341	2011-11-20	0.95	0.615384615385
4342	2011-11-21	1.0	1.0
4343	2011-11-22	1.0	1.0
4344	2011-11-23	1.0	1.0
4345	2011-11-24	1.0	1.0
4346	2011-11-25	1.0	1.0
4347	2011-11-26	1.0	1.0
4348	2011-11-27	1.0	1.0
4349	2011-11-28	1.0	1.0
4350	2011-11-29	1.0	1.0
4351	2011-11-30	1.0	1.0
4352	2011-12-01	1.0	1.0
4353	2011-12-02	1.0	1.0
4354	2011-12-03	1.0	1.0
4355	2011-12-04	1.0	1.0
4356	2011-12-05	1.0	1.0
4357	2011-12-06	0.95	0.615384615385
4358	2011-12-07	0.92	0.384615384615
4359	2011-12-08	0.95	0.615384615385
4360	2011-12-09	1.0	1.0
4361	2011-12-10	1.0	1.0
4362	2011-12-11	1.0	1.0
4363	2011-12-12	1.0	1.0
4364	2011-12-13	1.0	1.0
4365	2011-12-14	0.96	0.692307692308
4366	2011-12-15	1.0	1.0
4367	2011-12-16	1.0	1.0
4368	2011-12-17	1.0	1.0
4369	2011-12-18	1.0	1.0
4370	2011-12-19	1.0	1.0
4371	2011-12-20	1.0	1.0
4372	2011-12-21	1.0	1.0
4373	2011-12-22	1.0	1.0
4374	2011-12-23	1.0	1.0
4375	2011-12-24	1.0	1.0
4376	2011-12-25	1.0	1.0
4377	2011-12-26	1.0	1.0
4378	2011-12-27	1.0	1.0
4379	2011-12-28	1.0	1.0
4380	2011-12-29	1.0	1.0
4381	2011-12-30	1.0	1.0
4382	2011-12-31	1.0	1.0
4383	2012-01-01	1.0	1.0
4384	2012-01-02	1.0	1.0
4385	2012-01-03	0.96	0.692307692308
4386	2012-01-04	1.0	1.0
4387	2012-01-05	1.0	1.0
4388	2012-01-06	1.0	1.0
4389	2012-01-07	1.0	1.0
4390	2012-01-08	1.0	1.0
4391	2012-01-09	1.0	1.0
4392	2012-01-10	1.0	1.0
4393	2012-01-11	1.0	1.0
4394	2012-01-12	1.0	1.0
4395	2012-01-13	1.0	1.0
4396	2012-01-14	1.0	1.0
4397	2012-01-15	0.96	0.692307692308
4398	2012-01-16	0.96	0.692307692308
4399	2012-01-17	1.0	1.0
4400	2012-01-18	1.0	1.0
4401	2012-01-19	1.0	1.0
4402	2012-01-20	1.0	1.0
4403	2012-01-21	1.0	1.0
4404	2012-01-22	1.0	1.0
4405	2012-01-23	1.0	1.0
4406	2012-01-24	1.0	1.0
4407	2012-01-25	1.0	1.0
4408	2012-01-26	1.0	1.0
4409	2012-01-27	1.0	1.0
4410	2012-01-28	1.0	1.0
4411	2012-01-29	1.0	1.0
4412	2012-01-30	1.0	1.0
4413	2012-01-31	1.0	1.0
4414	2012-02-01	1.0	1.0
4415	2012-02-02	1.0	1.0
4416	2012-02-03	1.0	1.0
4417	2012-02-04	1.0	1.0
4418	2012-02-05	1.0	1.0
4419	2012-02-06	1.0	1.0
4420	2012-02-07	1.0	1.0
4421	2012-02-08	1.0	1.0
4422	2012-02-09	1.0	1.0
4423	2012-02-10	1.0	1.0
4424	2012-02-11	1.0	1.0
4425	2012-02-12	1.0	1.0
4426	2012-02-13	1.0	1.0
4427	2012-02-14	0.96	0.692307692308
4428	2012-02-15	1.0	1.0
4429	2012-02-16	1.0	1.0
4430	2012-02-17	1.0	1.0
4431	2012-02-18	1.0	1.0
4432	2012-02-19	1.0	1.0
4433	2012-02-20	0.96	0.692307692308
4434	2012-02-21	1.0	1.0
4435	2012-02-22	1.0	1.0
4436	2012-02-23	1.0	1.0
4437	2012-02-24	0.95	0.615384615385
4438	2012-02-25	1.0	1.0
4439	2012-02-26	0.97	0.769230769231
4440	2012-02-27	0.96	0.692307692308
4441	2012-02-28	1.0	1.0
4442	2012-02-29	1.0	1.0
4443	2012-03-01	1.0	1.0
4444	2012-03-02	1.0	1.0
4445	2012-03-03	1.0	1.0
4446	2012-03-04	1.0	1.0
4447	2012-03-05	1.0	1.0
4448	2012-03-06	1.0	1.0
4449	2012-03-07	1.0	1.0
4450	2012-03-08	1.0	1.0
4451	2012-03-09	1.0	1.0
4452	2012-03-10	1.0	1.0
4453	2012-03-11	1.0	1.0
4454	2012-03-12	1.0	1.0
4455	2012-03-13	0.96	0.692307692308
4456	2012-03-14	1.0	1.0
4457	2012-03-15	1.0	1.0
4458	2012-03-16	1.0	1.0
4459	2012-03-17	1.0	1.0
4460	2012-03-18	1.0	1.0
4461	2012-03-19	1.0	1.0
4462	2012-03-20	1.0	1.0
4463	2012-03-21	1.0	1.0
4464	2012-03-22	1.0	1.0
4465	2012-03-23	0.96	0.692307692308
4466	2012-03-24	0.95	0.615384615385
4467	2012-03-25	0.94	0.538461538462
4468	2012-03-26	0.94	0.538461538462
4469	2012-03-27	1.0	1.0
4470	2012-03-28	1.0	1.0
4471	2012-03-29	1.0	1.0
4472	2012-03-30	1.0	1.0
4473	2012-03-31	1.0	1.0
4474	2012-04-01	1.0	1.0
4475	2012-04-02	1.0	1.0
4476	2012-04-03	1.0	1.0
4477	2012-04-04	1.0	1.0
4478	2012-04-05	1.0	1.0
4479	2012-04-06	1.0	1.0
4480	2012-04-07	0.96	0.692307692308
4481	2012-04-08	1.0	1.0
4482	2012-04-09	1.0	1.0
4483	2012-04-10	0.93	0.461538461538
4484	2012-04-11	0.94	0.538461538462
4485	2012-04-12	1.0	1.0
4486	2012-04-13	1.0	1.0
4487	2012-04-14	1.0	1.0
4488	2012-04-15	1.0	1.0
4489	2012-04-16	1.0	1.0
4490	2012-04-17	0.96	0.692307692308
4491	2012-04-18	1.0	1.0
4492	2012-04-19	1.0	1.0
4493	2012-04-20	1.0	1.0
4494	2012-04-21	0.96	0.692307692308
4495	2012-04-22	0.95	0.615384615385
4496	2012-04-23	0.95	0.615384615385
4497	2012-04-24	0.95	0.615384615385
4498	2012-04-25	0.95	0.615384615385
4499	2012-04-26	0.94	0.538461538462
4500	2012-04-27	0.94	0.538461538462
4501	2012-04-28	0.94	0.538461538462
4502	2012-04-29	0.94	0.538461538462
4503	2012-04-30	0.94	0.538461538462
4504	2012-05-01	0.94	0.538461538462
4505	2012-05-02	0.94	0.538461538462
4506	2012-05-03	0.93	0.461538461538
4507	2012-05-04	0.94	0.538461538462
4508	2012-05-05	0.94	0.538461538462
4509	2012-05-06	0.95	0.615384615385
4510	2012-05-07	0.96	0.692307692308
4511	2012-05-08	0.95	0.615384615385
4512	2012-05-09	0.93	0.461538461538
4513	2012-05-10	0.92	0.384615384615
4514	2012-05-11	0.92	0.384615384615
4515	2012-05-12	0.94	0.538461538462
4516	2012-05-13	0.95	0.615384615385
4517	2012-05-14	0.95	0.615384615385
4518	2012-05-15	0.94	0.538461538462
4519	2012-05-16	0.93	0.461538461538
4520	2012-05-17	0.92	0.384615384615
4521	2012-05-18	0.92	0.384615384615
4522	2012-05-19	0.92	0.384615384615
4523	2012-05-20	0.94	0.538461538462
4524	2012-05-21	0.95	0.615384615385
4525	2012-05-22	0.95	0.615384615385
4526	2012-05-23	0.93	0.461538461538
4527	2012-05-24	0.93	0.461538461538
4528	2012-05-25	0.95	0.615384615385
4529	2012-05-26	1.0	1.0
4530	2012-05-27	1.0	1.0
4531	2012-05-28	0.95	0.615384615385
4532	2012-05-29	0.93	0.461538461538
4533	2012-05-30	0.93	0.461538461538
4534	2012-05-31	0.92	0.384615384615
4535	2012-06-01	0.94	0.538461538462
4536	2012-06-02	0.95	0.615384615385
4537	2012-06-03	0.96	0.692307692308
4538	2012-06-04	0.96	0.692307692308
4539	2012-06-05	0.95	0.615384615385
4540	2012-06-06	0.94	0.538461538462
4541	2012-06-07	0.93	0.461538461538
4542	2012-06-08	0.94	0.538461538462
4543	2012-06-09	0.95	0.615384615385
4544	2012-06-10	0.94	0.538461538462
4545	2012-06-11	0.93	0.461538461538
4546	2012-06-12	0.92	0.384615384615
4547	2012-06-13	0.91	0.307692307692
4548	2012-06-14	0.9	0.230769230769
4549	2012-06-15	0.9	0.230769230769
4550	2012-06-16	0.91	0.307692307692
4551	2012-06-17	0.91	0.307692307692
4552	2012-06-18	0.91	0.307692307692
4553	2012-06-19	0.91	0.307692307692
4554	2012-06-20	0.91	0.307692307692
4555	2012-06-21	0.91	0.307692307692
4556	2012-06-22	0.91	0.307692307692
4557	2012-06-23	0.9	0.230769230769
4558	2012-06-24	0.9	0.230769230769
4559	2012-06-25	0.9	0.230769230769
4560	2012-06-26	0.9	0.230769230769
4561	2012-06-27	0.9	0.230769230769
4562	2012-06-28	0.9	0.230769230769
4563	2012-06-29	0.9	0.230769230769
4564	2012-06-30	0.9	0.230769230769
4565	2012-07-01	0.9	0.230769230769
4566	2012-07-02	0.89	0.153846153846
4567	2012-07-03	0.9	0.230769230769
4568	2012-07-04	0.9	0.230769230769
4569	2012-07-05	0.9	0.230769230769
4570	2012-07-06	0.9	0.230769230769
4571	2012-07-07	0.9	0.230769230769
4572	2012-07-08	0.9	0.230769230769
4573	2012-07-09	0.9	0.230769230769
4574	2012-07-10	0.9	0.230769230769
4575	2012-07-11	0.9	0.230769230769
4576	2012-07-12	0.89	0.153846153846
4577	2012-07-13	0.9	0.230769230769
4578	2012-07-14	0.9	0.230769230769
4579	2012-07-15	0.9	0.230769230769
4580	2012-07-16	0.92	0.384615384615
4581	2012-07-17	0.91	0.307692307692
4582	2012-07-18	0.91	0.307692307692
4583	2012-07-19	0.91	0.307692307692
4584	2012-07-20	0.91	0.307692307692
4585	2012-07-21	0.9	0.230769230769
4586	2012-07-22	0.9	0.230769230769
4587	2012-07-23	0.9	0.230769230769
4588	2012-07-24	0.9	0.230769230769
4589	2012-07-25	0.9	0.230769230769
4590	2012-07-26	0.9	0.230769230769
4591	2012-07-27	0.9	0.230769230769
4592	2012-07-28	0.9	0.230769230769
4593	2012-07-29	0.9	0.230769230769
4594	2012-07-30	0.9	0.230769230769
4595	2012-07-31	0.9	0.230769230769
4596	2012-08-01	0.89	0.153846153846
4597	2012-08-02	0.9	0.230769230769
4598	2012-08-03	0.89	0.153846153846
4599	2012-08-04	0.89	0.153846153846
4600	2012-08-05	0.9	0.230769230769
4601	2012-08-06	0.9	0.230769230769
4602	2012-08-07	0.91	0.307692307692
4603	2012-08-08	0.91	0.307692307692
4604	2012-08-09	0.9	0.230769230769
4605	2012-08-10	0.89	0.153846153846
4606	2012-08-11	0.9	0.230769230769
4607	2012-08-12	0.9	0.230769230769
4608	2012-08-13	0.9	0.230769230769
4609	2012-08-14	0.9	0.230769230769
4610	2012-08-15	0.9	0.230769230769
4611	2012-08-16	0.9	0.230769230769
4612	2012-08-17	0.89	0.153846153846
4613	2012-08-18	0.89	0.153846153846
4614	2012-08-19	0.89	0.153846153846
4615	2012-08-20	0.89	0.153846153846
4616	2012-08-21	0.9	0.230769230769
4617	2012-08-22	0.89	0.153846153846
4618	2012-08-23	0.9	0.230769230769
4619	2012-08-24	0.9	0.230769230769
4620	2012-08-25	0.9	0.230769230769
4621	2012-08-26	0.94	0.538461538462
4622	2012-08-27	0.95	0.615384615385
4623	2012-08-28	0.94	0.538461538462
4624	2012-08-29	0.93	0.461538461538
4625	2012-08-30	0.92	0.384615384615
4626	2012-08-31	0.92	0.384615384615
4627	2012-09-01	0.91	0.307692307692
4628	2012-09-02	0.91	0.307692307692
4629	2012-09-03	0.9	0.230769230769
4630	2012-09-04	0.91	0.307692307692
4631	2012-09-05	0.9	0.230769230769
4632	2012-09-06	0.9	0.230769230769
4633	2012-09-07	0.9	0.230769230769
4634	2012-09-08	0.9	0.230769230769
4635	2012-09-09	0.9	0.230769230769
4636	2012-09-10	0.9	0.230769230769
4637	2012-09-11	0.9	0.230769230769
4638	2012-09-12	0.91	0.307692307692
4639	2012-09-13	0.91	0.307692307692
4640	2012-09-14	0.94	0.538461538462
4641	2012-09-15	0.93	0.461538461538
4642	2012-09-16	0.93	0.461538461538
4643	2012-09-17	0.96	0.692307692308
4644	2012-09-18	0.93	0.461538461538
4645	2012-09-19	0.94	0.538461538462
4646	2012-09-20	0.92	0.384615384615
4647	2012-09-21	0.92	0.384615384615
4648	2012-09-22	0.91	0.307692307692
4649	2012-09-23	0.9	0.230769230769
4650	2012-09-24	0.9	0.230769230769
4651	2012-09-25	0.9	0.230769230769
4652	2012-09-26	0.9	0.230769230769
4653	2012-09-27	0.9	0.230769230769
4654	2012-09-28	0.91	0.307692307692
4655	2012-09-29	0.94	0.538461538462
4656	2012-09-30	0.95	0.615384615385
4657	2012-10-01	0.96	0.692307692308
4658	2012-10-02	0.97	0.769230769231
4659	2012-10-03	1.0	1.0
4660	2012-10-04	0.97	0.769230769231
4661	2012-10-05	1.0	1.0
4662	2012-10-06	0.97	0.769230769231
4663	2012-10-07	0.96	0.692307692308
4664	2012-10-08	0.96	0.692307692308
4665	2012-10-09	0.96	0.692307692308
4666	2012-10-10	0.96	0.692307692308
4667	2012-10-11	0.94	0.538461538462
4668	2012-10-12	1.0	1.0
4669	2012-10-13	1.0	1.0
4670	2012-10-14	1.0	1.0
4671	2012-10-15	0.97	0.769230769231
4672	2012-10-16	0.96	0.692307692308
4673	2012-10-17	1.0	1.0
4674	2012-10-18	1.0	1.0
4675	2012-10-19	1.0	1.0
4676	2012-10-20	1.0	1.0
4677	2012-10-21	1.0	1.0
4678	2012-10-22	1.0	1.0
4679	2012-10-23	1.0	1.0
4680	2012-10-24	1.0	1.0
4681	2012-10-25	1.0	1.0
4682	2012-10-26	1.0	1.0
4683	2012-10-27	1.0	1.0
4684	2012-10-28	0.96	0.692307692308
4685	2012-10-29	0.96	0.692307692308
4686	2012-10-30	0.96	0.692307692308
4687	2012-10-31	0.95	0.615384615385
4688	2012-11-01	1.0	1.0
4689	2012-11-02	1.0	1.0
4690	2012-11-03	1.0	1.0
4691	2012-11-04	1.0	1.0
4692	2012-11-05	1.0	1.0
4693	2012-11-06	1.0	1.0
4694	2012-11-07	1.0	1.0
4695	2012-11-08	1.0	1.0
4696	2012-11-09	1.0	1.0
4697	2012-11-10	1.0	1.0
4698	2012-11-11	1.0	1.0
4699	2012-11-12	1.0	1.0
4700	2012-11-13	1.0	1.0
4701	2012-11-14	0.95	0.615384615385
4702	2012-11-15	0.96	0.692307692308
4703	2012-11-16	1.0	1.0
4704	2012-11-17	1.0	1.0
4705	2012-11-18	1.0	1.0
4706	2012-11-19	1.0	1.0
4707	2012-11-20	1.0	1.0
4708	2012-11-21	1.0	1.0
4709	2012-11-22	1.0	1.0
4710	2012-11-23	1.0	1.0
4711	2012-11-24	1.0	1.0
4712	2012-11-25	1.0	1.0
4713	2012-11-26	1.0	1.0
4714	2012-11-27	1.0	1.0
4715	2012-11-28	1.0	1.0
4716	2012-11-29	1.0	1.0
4717	2012-11-30	0.96	0.692307692308
4718	2012-12-01	0.95	0.615384615385
4719	2012-12-02	1.0	1.0
4720	2012-12-03	1.0	1.0
4721	2012-12-04	1.0	1.0
4722	2012-12-05	1.0	1.0
4723	2012-12-06	1.0	1.0
4724	2012-12-07	1.0	1.0
4725	2012-12-08	1.0	1.0
4726	2012-12-09	1.0	1.0
4727	2012-12-10	1.0	1.0
4728	2012-12-11	1.0	1.0
4729	2012-12-12	1.0	1.0
4730	2012-12-13	1.0	1.0
4731	2012-12-14	1.0	1.0
4732	2012-12-15	1.0	1.0
4733	2012-12-16	1.0	1.0
4734	2012-12-17	1.0	1.0
4735	2012-12-18	1.0	1.0
4736	2012-12-19	1.0	1.0
4737	2012-12-20	1.0	1.0
4738	2012-12-21	0.97	0.769230769231
4739	2012-12-22	1.0	1.0
4740	2012-12-23	1.0	1.0
4741	2012-12-24	1.0	1.0
4742	2012-12-25	1.0	1.0
4743	2012-12-26	1.0	1.0
4744	2012-12-27	0.95	0.615384615385
4745	2012-12-28	1.0	1.0
4746	2012-12-29	1.0	1.0
4747	2012-12-30	1.0	1.0
4748	2012-12-31	1.0	1.0
4749	2013-01-01	1.0	1.0
4750	2013-01-02	1.0	1.0
4751	2013-01-03	1.0	1.0
4752	2013-01-04	1.0	1.0
4753	2013-01-05	1.0	1.0
4754	2013-01-06	0.97	0.769230769231
4755	2013-01-07	1.0	1.0
4756	2013-01-08	1.0	1.0
4757	2013-01-09	1.0	1.0
4758	2013-01-10	1.0	1.0
4759	2013-01-11	1.0	1.0
4760	2013-01-12	1.0	1.0
4761	2013-01-13	1.0	1.0
4762	2013-01-14	1.0	1.0
4763	2013-01-15	1.0	1.0
4764	2013-01-16	1.0	1.0
4765	2013-01-17	1.0	1.0
4766	2013-01-18	1.0	1.0
4767	2013-01-19	1.0	1.0
4768	2013-01-20	1.0	1.0
4769	2013-01-21	1.0	1.0
4770	2013-01-22	1.0	1.0
4771	2013-01-23	1.0	1.0
4772	2013-01-24	1.0	1.0
4773	2013-01-25	1.0	1.0
4774	2013-01-26	1.0	1.0
4775	2013-01-27	1.0	1.0
4776	2013-01-28	1.0	1.0
4777	2013-01-29	1.0	1.0
4778	2013-01-30	1.0	1.0
4779	2013-01-31	1.0	1.0
4780	2013-02-01	1.0	1.0
4781	2013-02-02	1.0	1.0
4782	2013-02-03	0.96	0.692307692308
4783	2013-02-04	1.0	1.0
4784	2013-02-05	1.0	1.0
4785	2013-02-06	1.0	1.0
4786	2013-02-07	1.0	1.0
4787	2013-02-08	1.0	1.0
4788	2013-02-09	1.0	1.0
4789	2013-02-10	1.0	1.0
4790	2013-02-11	1.0	1.0
4791	2013-02-12	1.0	1.0
4792	2013-02-13	1.0	1.0
4793	2013-02-14	0.96	0.692307692308
4794	2013-02-15	1.0	1.0
4795	2013-02-16	1.0	1.0
4796	2013-02-17	1.0	1.0
4797	2013-02-18	1.0	1.0
4798	2013-02-19	1.0	1.0
4799	2013-02-20	1.0	1.0
4800	2013-02-21	0.96	0.692307692308
4801	2013-02-22	1.0	1.0
4802	2013-02-23	1.0	1.0
4803	2013-02-24	1.0	1.0
4804	2013-02-25	1.0	1.0
4805	2013-02-26	1.0	1.0
4806	2013-02-27	1.0	1.0
4807	2013-02-28	1.0	1.0
4808	2013-03-01	1.0	1.0
4809	2013-03-02	1.0	1.0
4810	2013-03-03	1.0	1.0
4811	2013-03-04	0.96	0.692307692308
4812	2013-03-05	1.0	1.0
4813	2013-03-06	1.0	1.0
4814	2013-03-07	0.94	0.538461538462
4815	2013-03-08	0.94	0.538461538462
4816	2013-03-09	0.93	0.461538461538
4817	2013-03-10	0.93	0.461538461538
4818	2013-03-11	0.94	0.538461538462
4819	2013-03-12	1.0	1.0
4820	2013-03-13	1.0	1.0
4821	2013-03-14	1.0	1.0
4822	2013-03-15	1.0	1.0
4823	2013-03-16	1.0	1.0
4824	2013-03-17	0.96	0.692307692308
4825	2013-03-18	0.96	0.692307692308
4826	2013-03-19	0.95	0.615384615385
4827	2013-03-20	1.0	1.0
4828	2013-03-21	1.0	1.0
4829	2013-03-22	1.0	1.0
4830	2013-03-23	0.97	0.769230769231
4831	2013-03-24	1.0	1.0
4832	2013-03-25	1.0	1.0
4833	2013-03-26	1.0	1.0
4834	2013-03-27	1.0	1.0
4835	2013-03-28	1.0	1.0
4836	2013-03-29	1.0	1.0
4837	2013-03-30	1.0	1.0
4838	2013-03-31	1.0	1.0
4839	2013-04-01	1.0	1.0
4840	2013-04-02	1.0	1.0
4841	2013-04-03	1.0	1.0
4842	2013-04-04	0.96	0.692307692308
4843	2013-04-05	0.96	0.692307692308
4844	2013-04-06	0.95	0.615384615385
4845	2013-04-07	0.95	0.615384615385
4846	2013-04-08	0.94	0.538461538462
4847	2013-04-09	0.96	0.692307692308
4848	2013-04-10	0.95	0.615384615385
4849	2013-04-11	0.95	0.615384615385
4850	2013-04-12	0.94	0.538461538462
4851	2013-04-13	1.0	1.0
4852	2013-04-14	1.0	1.0
4853	2013-04-15	1.0	1.0
4854	2013-04-16	1.0	1.0
4855	2013-04-17	1.0	1.0
4856	2013-04-18	1.0	1.0
4857	2013-04-19	1.0	1.0
4858	2013-04-20	1.0	1.0
4859	2013-04-21	0.95	0.615384615385
4860	2013-04-22	0.95	0.615384615385
4861	2013-04-23	1.0	1.0
4862	2013-04-24	1.0	1.0
4863	2013-04-25	1.0	1.0
4864	2013-04-26	1.0	1.0
4865	2013-04-27	1.0	1.0
4866	2013-04-28	1.0	1.0
4867	2013-04-29	1.0	1.0
4868	2013-04-30	1.0	1.0
4869	2013-05-01	0.96	0.692307692308
4870	2013-05-02	0.95	0.615384615385
4871	2013-05-03	0.95	0.615384615385
4872	2013-05-04	0.95	0.615384615385
4873	2013-05-05	0.94	0.538461538462
4874	2013-05-06	0.96	0.692307692308
4875	2013-05-07	0.96	0.692307692308
4876	2013-05-08	0.94	0.538461538462
4877	2013-05-09	0.96	0.692307692308
4878	2013-05-10	0.96	0.692307692308
4879	2013-05-11	0.92	0.384615384615
4880	2013-05-12	0.92	0.384615384615
4881	2013-05-13	0.92	0.384615384615
4882	2013-05-14	0.92	0.384615384615
4883	2013-05-15	0.94	0.538461538462
4884	2013-05-16	0.96	0.692307692308
4885	2013-05-17	0.96	0.692307692308
4886	2013-05-18	0.95	0.615384615385
4887	2013-05-19	0.93	0.461538461538
4888	2013-05-20	0.95	0.615384615385
4889	2013-05-21	0.95	0.615384615385
4890	2013-05-22	0.93	0.461538461538
4891	2013-05-23	0.92	0.384615384615
4892	2013-05-24	0.93	0.461538461538
4893	2013-05-25	0.93	0.461538461538
4894	2013-05-26	0.92	0.384615384615
4895	2013-05-27	0.91	0.307692307692
4896	2013-05-28	0.91	0.307692307692
4897	2013-05-29	0.91	0.307692307692
4898	2013-05-30	0.91	0.307692307692
4899	2013-05-31	0.91	0.307692307692
4900	2013-06-01	0.92	0.384615384615
4901	2013-06-02	0.91	0.307692307692
4902	2013-06-03	0.91	0.307692307692
4903	2013-06-04	0.95	0.615384615385
4904	2013-06-05	0.96	0.692307692308
4905	2013-06-06	0.96	0.692307692308
4906	2013-06-07	0.95	0.615384615385
4907	2013-06-08	0.96	0.692307692308
4908	2013-06-09	0.95	0.615384615385
4909	2013-06-10	0.94	0.538461538462
4910	2013-06-11	0.93	0.461538461538
4911	2013-06-12	0.9	0.230769230769
4912	2013-06-13	0.91	0.307692307692
4913	2013-06-14	0.92	0.384615384615
4914	2013-06-15	0.91	0.307692307692
4915	2013-06-16	0.91	0.307692307692
4916	2013-06-17	0.91	0.307692307692
4917	2013-06-18	0.91	0.307692307692
4918	2013-06-19	0.91	0.307692307692
4919	2013-06-20	0.91	0.307692307692
4920	2013-06-21	0.9	0.230769230769
4921	2013-06-22	0.91	0.307692307692
4922	2013-06-23	0.92	0.384615384615
4923	2013-06-24	0.91	0.307692307692
4924	2013-06-25	0.9	0.230769230769
4925	2013-06-26	0.91	0.307692307692
4926	2013-06-27	0.91	0.307692307692
4927	2013-06-28	0.9	0.230769230769
4928	2013-06-29	0.9	0.230769230769
4929	2013-06-30	0.9	0.230769230769
4930	2013-07-01	0.91	0.307692307692
4931	2013-07-02	0.91	0.307692307692
4932	2013-07-03	0.9	0.230769230769
4933	2013-07-04	0.89	0.153846153846
4934	2013-07-05	0.88	0.0769230769231
4935	2013-07-06	0.89	0.153846153846
4936	2013-07-07	0.9	0.230769230769
4937	2013-07-08	0.89	0.153846153846
4938	2013-07-09	0.89	0.153846153846
4939	2013-07-10	0.89	0.153846153846
4940	2013-07-11	0.89	0.153846153846
4941	2013-07-12	0.89	0.153846153846
4942	2013-07-13	0.89	0.153846153846
4943	2013-07-14	0.89	0.153846153846
4944	2013-07-15	0.89	0.153846153846
4945	2013-07-16	0.9	0.230769230769
4946	2013-07-17	0.9	0.230769230769
4947	2013-07-18	0.9	0.230769230769
4948	2013-07-19	0.92	0.384615384615
4949	2013-07-20	0.91	0.307692307692
4950	2013-07-21	0.9	0.230769230769
4951	2013-07-22	0.88	0.0769230769231
4952	2013-07-23	0.87	0.0
4953	2013-07-24	0.89	0.153846153846
4954	2013-07-25	0.89	0.153846153846
4955	2013-07-26	0.88	0.0769230769231
4956	2013-07-27	0.89	0.153846153846
4957	2013-07-28	0.89	0.153846153846
4958	2013-07-29	0.9	0.230769230769
4959	2013-07-30	0.89	0.153846153846
4960	2013-07-31	0.89	0.153846153846
4961	2013-08-01	0.87	0.0
4962	2013-08-02	0.89	0.153846153846
4963	2013-08-03	0.88	0.0769230769231
4964	2013-08-04	0.89	0.153846153846
4965	2013-08-05	0.9	0.230769230769
4966	2013-08-06	0.88	0.0769230769231
4967	2013-08-07	0.89	0.153846153846
4968	2013-08-08	0.9	0.230769230769
4969	2013-08-09	0.93	0.461538461538
4970	2013-08-10	0.91	0.307692307692
4971	2013-08-11	0.92	0.384615384615
4972	2013-08-12	0.92	0.384615384615
4973	2013-08-13	0.93	0.461538461538
4974	2013-08-14	0.94	0.538461538462
4975	2013-08-15	0.91	0.307692307692
4976	2013-08-16	0.91	0.307692307692
4977	2013-08-17	0.89	0.153846153846
4978	2013-08-18	0.93	0.461538461538
4979	2013-08-19	0.9	0.230769230769
4980	2013-08-20	0.9	0.230769230769
4981	2013-08-21	0.9	0.230769230769
4982	2013-08-22	0.91	0.307692307692
4983	2013-08-23	0.91	0.307692307692
4984	2013-08-24	0.91	0.307692307692
4985	2013-08-25	0.9	0.230769230769
4986	2013-08-26	0.9	0.230769230769
4987	2013-08-27	0.9	0.230769230769
4988	2013-08-28	0.91	0.307692307692
4989	2013-08-29	0.9	0.230769230769
4990	2013-08-30	0.9	0.230769230769
4991	2013-08-31	0.89	0.153846153846
4992	2013-09-01	0.9	0.230769230769
4993	2013-09-02	0.93	0.461538461538
4994	2013-09-03	0.95	0.615384615385
4995	2013-09-04	0.94	0.538461538462
4996	2013-09-05	0.92	0.384615384615
4997	2013-09-06	0.92	0.384615384615
4998	2013-09-07	0.91	0.307692307692
4999	2013-09-08	0.91	0.307692307692
5000	2013-09-09	0.91	0.307692307692
5001	2013-09-10	0.91	0.307692307692
5002	2013-09-11	0.91	0.307692307692
5003	2013-09-12	0.91	0.307692307692
5004	2013-09-13	0.9	0.230769230769
5005	2013-09-14	0.91	0.307692307692
5006	2013-09-15	0.9	0.230769230769
5007	2013-09-16	0.9	0.230769230769
5008	2013-09-17	0.91	0.307692307692
5009	2013-09-18	0.93	0.461538461538
5010	2013-09-19	1.0	1.0
5011	2013-09-20	1.0	1.0
5012	2013-09-21	1.0	1.0
5013	2013-09-22	0.96	0.692307692308
5014	2013-09-23	0.93	0.461538461538
5015	2013-09-24	0.92	0.384615384615
5016	2013-09-25	0.92	0.384615384615
5017	2013-09-26	0.93	0.461538461538
5018	2013-09-27	0.93	0.461538461538
5019	2013-09-28	0.93	0.461538461538
5020	2013-09-29	0.93	0.461538461538
5021	2013-09-30	0.95	0.615384615385
5022	2013-10-01	1.0	1.0
5023	2013-10-02	1.0	1.0
5024	2013-10-03	0.95	0.615384615385
5025	2013-10-04	0.93	0.461538461538
5026	2013-10-05	0.93	0.461538461538
5027	2013-10-06	0.93	0.461538461538
5028	2013-10-07	0.93	0.461538461538
5029	2013-10-08	0.93	0.461538461538
5030	2013-10-09	0.94	0.538461538462
5031	2013-10-10	0.93	0.461538461538
5032	2013-10-11	0.93	0.461538461538
5033	2013-10-12	0.91	0.307692307692
5034	2013-10-13	0.92	0.384615384615
5035	2013-10-14	0.92	0.384615384615
5036	2013-10-15	1.0	1.0
5037	2013-10-16	1.0	1.0
5038	2013-10-17	1.0	1.0
5039	2013-10-18	1.0	1.0
5040	2013-10-19	1.0	1.0
5041	2013-10-20	1.0	1.0
5042	2013-10-21	1.0	1.0
5043	2013-10-22	0.96	0.692307692308
5044	2013-10-23	0.96	0.692307692308
5045	2013-10-24	0.96	0.692307692308
5046	2013-10-25	0.97	0.769230769231
5047	2013-10-26	0.96	0.692307692308
5048	2013-10-27	0.96	0.692307692308
5049	2013-10-28	1.0	1.0
5050	2013-10-29	1.0	1.0
5051	2013-10-30	1.0	1.0
5052	2013-10-31	0.97	0.769230769231
5053	2013-11-01	0.97	0.769230769231
5054	2013-11-02	0.96	0.692307692308
5055	2013-11-03	0.95	0.615384615385
5056	2013-11-04	0.93	0.461538461538
5057	2013-11-05	0.95	0.615384615385
5058	2013-11-06	0.96	0.692307692308
5059	2013-11-07	0.96	0.692307692308
5060	2013-11-08	0.96	0.692307692308
5061	2013-11-09	0.95	0.615384615385
5062	2013-11-10	0.94	0.538461538462
5063	2013-11-11	0.94	0.538461538462
5064	2013-11-12	0.94	0.538461538462
5065	2013-11-13	0.96	0.692307692308
5066	2013-11-14	1.0	1.0
5067	2013-11-15	1.0	1.0
5068	2013-11-16	0.97	0.769230769231
5069	2013-11-17	0.95	0.615384615385
5070	2013-11-18	1.0	1.0
5071	2013-11-19	1.0	1.0
5072	2013-11-20	0.94	0.538461538462
5073	2013-11-21	0.92	0.384615384615
5074	2013-11-22	0.93	0.461538461538
5075	2013-11-23	1.0	1.0
5076	2013-11-24	1.0	1.0
5077	2013-11-25	0.97	0.769230769231
5078	2013-11-26	1.0	1.0
5079	2013-11-27	1.0	1.0
5080	2013-11-28	1.0	1.0
5081	2013-11-29	1.0	1.0
5082	2013-11-30	1.0	1.0
5083	2013-12-01	1.0	1.0
5084	2013-12-02	1.0	1.0
5085	2013-12-03	0.95	0.615384615385
5086	2013-12-04	0.95	0.615384615385
5087	2013-12-05	0.94	0.538461538462
5088	2013-12-06	0.94	0.538461538462
5089	2013-12-07	0.95	0.615384615385
5090	2013-12-08	1.0	1.0
5091	2013-12-09	1.0	1.0
5092	2013-12-10	1.0	1.0
5093	2013-12-11	1.0	1.0
5094	2013-12-12	1.0	1.0
5095	2013-12-13	1.0	1.0
5096	2013-12-14	1.0	1.0
5097	2013-12-15	1.0	1.0
5098	2013-12-16	1.0	1.0
5099	2013-12-17	1.0	1.0
5100	2013-12-18	1.0	1.0
5101	2013-12-19	1.0	1.0
5102	2013-12-20	1.0	1.0
5103	2013-12-21	1.0	1.0
5104	2013-12-22	0.95	0.615384615385
5105	2013-12-23	1.0	1.0
5106	2013-12-24	1.0	1.0
5107	2013-12-25	1.0	1.0
5108	2013-12-26	0.95	0.615384615385
5109	2013-12-27	0.95	0.615384615385
5110	2013-12-28	0.95	0.615384615385
5111	2013-12-29	1.0	1.0
5112	2013-12-30	1.0	1.0
5113	2013-12-31	1.0	1.0
5114	2014-01-01	1.0	1.0
5115	2014-01-02	1.0	1.0
5116	2014-01-03	1.0	1.0
5117	2014-01-04	1.0	1.0
5118	2014-01-05	1.0	1.0
5119	2014-01-06	1.0	1.0
5120	2014-01-07	1.0	1.0
5121	2014-01-08	1.0	1.0
5122	2014-01-09	1.0	1.0
5123	2014-01-10	1.0	1.0
5124	2014-01-11	1.0	1.0
5125	2014-01-12	1.0	1.0
5126	2014-01-13	1.0	1.0
5127	2014-01-14	1.0	1.0
5128	2014-01-15	1.0	1.0
5129	2014-01-16	1.0	1.0
5130	2014-01-17	1.0	1.0
5131	2014-01-18	1.0	1.0
5132	2014-01-19	1.0	1.0
5133	2014-01-20	1.0	1.0
5134	2014-01-21	1.0	1.0
5135	2014-01-22	1.0	1.0
5136	2014-01-23	1.0	1.0
5137	2014-01-24	1.0	1.0
5138	2014-01-25	1.0	1.0
5139	2014-01-26	1.0	1.0
5140	2014-01-27	1.0	1.0
5141	2014-01-28	1.0	1.0
5142	2014-01-29	1.0	1.0
5143	2014-01-30	1.0	1.0
5144	2014-01-31	1.0	1.0
5145	2014-02-01	1.0	1.0
5146	2014-02-02	1.0	1.0
5147	2014-02-03	1.0	1.0
5148	2014-02-04	1.0	1.0
5149	2014-02-05	1.0	1.0
5150	2014-02-06	1.0	1.0
5151	2014-02-07	1.0	1.0
5152	2014-02-08	1.0	1.0
5153	2014-02-09	0.95	0.615384615385
5154	2014-02-10	0.95	0.615384615385
5155	2014-02-11	0.95	0.615384615385
5156	2014-02-12	0.95	0.615384615385
5157	2014-02-13	0.96	0.692307692308
5158	2014-02-14	1.0	1.0
5159	2014-02-15	1.0	1.0
5160	2014-02-16	1.0	1.0
5161	2014-02-17	1.0	1.0
5162	2014-02-18	1.0	1.0
5163	2014-02-19	1.0	1.0
5164	2014-02-20	1.0	1.0
5165	2014-02-21	1.0	1.0
5166	2014-02-22	1.0	1.0
5167	2014-02-23	1.0	1.0
5168	2014-02-24	1.0	1.0
5169	2014-02-25	1.0	1.0
5170	2014-02-26	0.95	0.615384615385
5171	2014-02-27	1.0	1.0
5172	2014-02-28	1.0	1.0
5173	2014-03-01	1.0	1.0
5174	2014-03-02	1.0	1.0
5175	2014-03-03	1.0	1.0
5176	2014-03-04	1.0	1.0
5177	2014-03-05	1.0	1.0
5178	2014-03-06	1.0	1.0
5179	2014-03-07	1.0	1.0
5180	2014-03-08	1.0	1.0
5181	2014-03-09	1.0	1.0
5182	2014-03-10	1.0	1.0
5183	2014-03-11	1.0	1.0
5184	2014-03-12	1.0	1.0
5185	2014-03-13	1.0	1.0
5186	2014-03-14	0.96	0.692307692308
5187	2014-03-15	0.97	0.769230769231
5188	2014-03-16	0.97	0.769230769231
5189	2014-03-17	0.96	0.692307692308
5190	2014-03-18	1.0	1.0
5191	2014-03-19	1.0	1.0
5192	2014-03-20	1.0	1.0
5193	2014-03-21	1.0	1.0
5194	2014-03-22	1.0	1.0
5195	2014-03-23	1.0	1.0
5196	2014-03-24	1.0	1.0
5197	2014-03-25	1.0	1.0
5198	2014-03-26	1.0	1.0
5199	2014-03-27	0.96	0.692307692308
5200	2014-03-28	0.95	0.615384615385
5201	2014-03-29	0.94	0.538461538462
5202	2014-03-30	0.94	0.538461538462
5203	2014-03-31	1.0	1.0
5204	2014-04-01	1.0	1.0
5205	2014-04-02	1.0	1.0
5206	2014-04-03	1.0	1.0
5207	2014-04-04	1.0	1.0
5208	2014-04-05	0.97	0.769230769231
5209	2014-04-06	0.96	0.692307692308
5210	2014-04-07	0.95	0.615384615385
5211	2014-04-08	0.96	0.692307692308
5212	2014-04-09	0.96	0.692307692308
5213	2014-04-10	1.0	1.0
5214	2014-04-11	1.0	1.0
5215	2014-04-12	0.96	0.692307692308
5216	2014-04-13	1.0	1.0
5217	2014-04-14	1.0	1.0
5218	2014-04-15	0.97	0.769230769231
5219	2014-04-16	0.96	0.692307692308
5220	2014-04-17	1.0	1.0
5221	2014-04-18	1.0	1.0
5222	2014-04-19	0.96	0.692307692308
5223	2014-04-20	0.94	0.538461538462
5224	2014-04-21	0.96	0.692307692308
5225	2014-04-22	0.97	0.769230769231
5226	2014-04-23	1.0	1.0
5227	2014-04-24	0.97	0.769230769231
5228	2014-04-25	0.95	0.615384615385
5229	2014-04-26	1.0	1.0
5230	2014-04-27	1.0	1.0
5231	2014-04-28	1.0	1.0
5232	2014-04-29	1.0	1.0
5233	2014-04-30	1.0	1.0
5234	2014-05-01	0.96	0.692307692308
5235	2014-05-02	0.95	0.615384615385
5236	2014-05-03	1.0	1.0
5237	2014-05-04	0.96	0.692307692308
5238	2014-05-05	0.94	0.538461538462
5239	2014-05-06	0.95	0.615384615385
5240	2014-05-07	0.97	0.769230769231
5241	2014-05-08	1.0	1.0
5242	2014-05-09	1.0	1.0
5243	2014-05-10	1.0	1.0
5244	2014-05-11	0.96	0.692307692308
5245	2014-05-12	0.96	0.692307692308
5246	2014-05-13	0.95	0.615384615385
5247	2014-05-14	0.93	0.461538461538
5248	2014-05-15	0.95	0.615384615385
5249	2014-05-16	0.95	0.615384615385
5250	2014-05-17	0.94	0.538461538462
5251	2014-05-18	0.95	0.615384615385
5252	2014-05-19	1.0	1.0
5253	2014-05-20	1.0	1.0
5254	2014-05-21	0.97	0.769230769231
5255	2014-05-22	0.96	0.692307692308
5256	2014-05-23	0.94	0.538461538462
5257	2014-05-24	0.96	0.692307692308
5258	2014-05-25	0.96	0.692307692308
5259	2014-05-26	0.95	0.615384615385
5260	2014-05-27	0.94	0.538461538462
5261	2014-05-28	0.93	0.461538461538
5262	2014-05-29	0.92	0.384615384615
5263	2014-05-30	0.92	0.384615384615
5264	2014-05-31	0.92	0.384615384615
5265	2014-06-01	0.92	0.384615384615
5266	2014-06-02	0.92	0.384615384615
5267	2014-06-03	0.91	0.307692307692
5268	2014-06-04	0.91	0.307692307692
5269	2014-06-05	0.91	0.307692307692
5270	2014-06-06	0.92	0.384615384615
5271	2014-06-07	0.91	0.307692307692
5272	2014-06-08	0.91	0.307692307692
5273	2014-06-09	0.9	0.230769230769
5274	2014-06-10	0.9	0.230769230769
5275	2014-06-11	0.9	0.230769230769
5276	2014-06-12	0.9	0.230769230769
5277	2014-06-13	0.9	0.230769230769
5278	2014-06-14	0.91	0.307692307692
5279	2014-06-15	0.9	0.230769230769
5280	2014-06-16	0.88	0.0769230769231
5281	2014-06-17	0.88	0.0769230769231
5282	2014-06-18	0.89	0.153846153846
5283	2014-06-19	0.9	0.230769230769
5284	2014-06-20	0.91	0.307692307692
5285	2014-06-21	0.9	0.230769230769
5286	2014-06-22	0.89	0.153846153846
5287	2014-06-23	0.89	0.153846153846
5288	2014-06-24	0.89	0.153846153846
5289	2014-06-25	0.9	0.230769230769
5290	2014-06-26	0.88	0.0769230769231
5291	2014-06-27	0.89	0.153846153846
5292	2014-06-28	0.89	0.153846153846
5293	2014-06-29	0.89	0.153846153846
5294	2014-06-30	0.89	0.153846153846
5295	2014-07-01	0.89	0.153846153846
5296	2014-07-02	0.89	0.153846153846
5297	2014-07-03	0.9	0.230769230769
5298	2014-07-04	0.91	0.307692307692
5299	2014-07-05	0.91	0.307692307692
5300	2014-07-06	0.9	0.230769230769
5301	2014-07-07	0.91	0.307692307692
5302	2014-07-08	0.91	0.307692307692
5303	2014-07-09	0.91	0.307692307692
5304	2014-07-10	0.9	0.230769230769
5305	2014-07-11	0.89	0.153846153846
5306	2014-07-12	0.89	0.153846153846
5307	2014-07-13	0.9	0.230769230769
5308	2014-07-14	0.89	0.153846153846
5309	2014-07-15	0.89	0.153846153846
5310	2014-07-16	0.89	0.153846153846
5311	2014-07-17	0.88	0.0769230769231
5312	2014-07-18	0.89	0.153846153846
5313	2014-07-19	0.9	0.230769230769
5314	2014-07-20	0.9	0.230769230769
5315	2014-07-21	0.9	0.230769230769
5316	2014-07-22	0.9	0.230769230769
5317	2014-07-23	0.9	0.230769230769
5318	2014-07-24	0.89	0.153846153846
5319	2014-07-25	0.88	0.0769230769231
5320	2014-07-26	0.88	0.0769230769231
5321	2014-07-27	0.9	0.230769230769
5322	2014-07-28	0.89	0.153846153846
5323	2014-07-29	0.88	0.0769230769231
5324	2014-07-30	0.89	0.153846153846
5325	2014-07-31	0.89	0.153846153846
5326	2014-08-01	0.9	0.230769230769
5327	2014-08-02	0.89	0.153846153846
5328	2014-08-03	0.89	0.153846153846
5329	2014-08-04	0.9	0.230769230769
5330	2014-08-05	0.92	0.384615384615
5331	2014-08-06	0.91	0.307692307692
5332	2014-08-07	0.91	0.307692307692
5333	2014-08-08	0.91	0.307692307692
5334	2014-08-09	0.9	0.230769230769
5335	2014-08-10	0.89	0.153846153846
5336	2014-08-11	0.9	0.230769230769
5337	2014-08-12	0.9	0.230769230769
5338	2014-08-13	0.9	0.230769230769
5339	2014-08-14	0.9	0.230769230769
5340	2014-08-15	0.9	0.230769230769
5341	2014-08-16	0.9	0.230769230769
5342	2014-08-17	0.9	0.230769230769
5343	2014-08-18	0.9	0.230769230769
5344	2014-08-19	0.9	0.230769230769
5345	2014-08-20	0.9	0.230769230769
5346	2014-08-21	0.9	0.230769230769
5347	2014-08-22	0.9	0.230769230769
5348	2014-08-23	0.91	0.307692307692
5349	2014-08-24	0.94	0.538461538462
5350	2014-08-25	0.92	0.384615384615
5351	2014-08-26	0.92	0.384615384615
5352	2014-08-27	0.92	0.384615384615
5353	2014-08-28	0.92	0.384615384615
5354	2014-08-29	0.92	0.384615384615
5355	2014-08-30	0.92	0.384615384615
5356	2014-08-31	0.92	0.384615384615
5357	2014-09-01	0.92	0.384615384615
5358	2014-09-02	0.92	0.384615384615
5359	2014-09-03	0.92	0.384615384615
5360	2014-09-04	0.92	0.384615384615
5361	2014-09-05	0.92	0.384615384615
5362	2014-09-06	0.95	0.615384615385
5363	2014-09-07	0.93	0.461538461538
5364	2014-09-08	0.93	0.461538461538
5365	2014-09-09	0.93	0.461538461538
5366	2014-09-10	0.92	0.384615384615
5367	2014-09-11	0.92	0.384615384615
5368	2014-09-12	0.9	0.230769230769
5369	2014-09-13	0.9	0.230769230769
5370	2014-09-14	0.91	0.307692307692
5371	2014-09-15	0.91	0.307692307692
5372	2014-09-16	0.91	0.307692307692
5373	2014-09-17	0.91	0.307692307692
5374	2014-09-18	0.9	0.230769230769
5375	2014-09-19	0.9	0.230769230769
5376	2014-09-20	0.91	0.307692307692
5377	2014-09-21	0.91	0.307692307692
5378	2014-09-22	0.92	0.384615384615
5379	2014-09-23	0.92	0.384615384615
5380	2014-09-24	0.91	0.307692307692
5381	2014-09-25	0.91	0.307692307692
5382	2014-09-26	0.91	0.307692307692
5383	2014-09-27	0.91	0.307692307692
5384	2014-09-28	0.92	0.384615384615
5385	2014-09-29	0.92	0.384615384615
5386	2014-09-30	0.92	0.384615384615
5387	2014-10-01	0.92	0.384615384615
5388	2014-10-02	0.94	0.538461538462
5389	2014-10-03	0.95	0.615384615385
5390	2014-10-04	0.93	0.461538461538
5391	2014-10-05	0.91	0.307692307692
5392	2014-10-06	0.94	0.538461538462
5393	2014-10-07	1.0	1.0
5394	2014-10-08	1.0	1.0
5395	2014-10-09	1.0	1.0
5396	2014-10-10	1.0	1.0
5397	2014-10-11	1.0	1.0
5398	2014-10-12	0.96	0.692307692308
5399	2014-10-13	1.0	1.0
5400	2014-10-14	1.0	1.0
5401	2014-10-15	0.95	0.615384615385
5402	2014-10-16	0.94	0.538461538462
5403	2014-10-17	0.93	0.461538461538
5404	2014-10-18	0.95	0.615384615385
5405	2014-10-19	1.0	1.0
5406	2014-10-20	1.0	1.0
5407	2014-10-21	0.96	0.692307692308
5408	2014-10-22	0.96	0.692307692308
5409	2014-10-23	1.0	1.0
5410	2014-10-24	0.96	0.692307692308
5411	2014-10-25	0.93	0.461538461538
5412	2014-10-26	0.92	0.384615384615
5413	2014-10-27	0.92	0.384615384615
5414	2014-10-28	0.92	0.384615384615
5415	2014-10-29	1.0	1.0
5416	2014-10-30	1.0	1.0
5417	2014-10-31	1.0	1.0
5418	2014-11-01	1.0	1.0
5419	2014-11-02	1.0	1.0
5420	2014-11-03	0.97	0.769230769231
5421	2014-11-04	1.0	1.0
5422	2014-11-05	1.0	1.0
5423	2014-11-06	1.0	1.0
5424	2014-11-07	1.0	1.0
5425	2014-11-08	1.0	1.0
5426	2014-11-09	0.95	0.615384615385
5427	2014-11-10	0.93	0.461538461538
5428	2014-11-11	0.93	0.461538461538
5429	2014-11-12	0.94	0.538461538462
5430	2014-11-13	0.94	0.538461538462
5431	2014-11-14	0.93	0.461538461538
5432	2014-11-15	0.93	0.461538461538
5433	2014-11-16	0.92	0.384615384615
5434	2014-11-17	0.95	0.615384615385
5435	2014-11-18	1.0	1.0
5436	2014-11-19	0.97	0.769230769231
5437	2014-11-20	0.96	0.692307692308
5438	2014-11-21	0.95	0.615384615385
5439	2014-11-22	0.94	0.538461538462
5440	2014-11-23	0.93	0.461538461538
5441	2014-11-24	0.96	0.692307692308
5442	2014-11-25	1.0	1.0
5443	2014-11-26	1.0	1.0
5444	2014-11-27	1.0	1.0
5445	2014-11-28	0.96	0.692307692308
5446	2014-11-29	1.0	1.0
5447	2014-11-30	1.0	1.0
5448	2014-12-01	1.0	1.0
5449	2014-12-02	1.0	1.0
5450	2014-12-03	1.0	1.0
5451	2014-12-04	1.0	1.0
5452	2014-12-05	0.94	0.538461538462
5453	2014-12-06	1.0	1.0
5454	2014-12-07	1.0	1.0
5455	2014-12-08	1.0	1.0
5456	2014-12-09	1.0	1.0
5457	2014-12-10	1.0	1.0
5458	2014-12-11	1.0	1.0
5459	2014-12-12	0.96	0.692307692308
5460	2014-12-13	1.0	1.0
5461	2014-12-14	1.0	1.0
5462	2014-12-15	1.0	1.0
5463	2014-12-16	1.0	1.0
5464	2014-12-17	1.0	1.0
5465	2014-12-18	1.0	1.0
5466	2014-12-19	1.0	1.0
5467	2014-12-20	1.0	1.0
5468	2014-12-21	1.0	1.0
5469	2014-12-22	1.0	1.0
5470	2014-12-23	1.0	1.0
5471	2014-12-24	1.0	1.0
5472	2014-12-25	1.0	1.0
5473	2014-12-26	1.0	1.0
5474	2014-12-27	1.0	1.0
5475	2014-12-28	1.0	1.0
5476	2014-12-29	1.0	1.0
5477	2014-12-30	1.0	1.0
5478	2014-12-31	0.97	0.769230769231
5479	2015-01-01	1.0	1.0
5480	2015-01-02	1.0	1.0
5481	2015-01-03	1.0	1.0
5482	2015-01-04	1.0	1.0
5483	2015-01-05	1.0	1.0
5484	2015-01-06	1.0	1.0
5485	2015-01-07	1.0	1.0
5486	2015-01-08	1.0	1.0
5487	2015-01-09	1.0	1.0
5488	2015-01-10	1.0	1.0
5489	2015-01-11	1.0	1.0
5490	2015-01-12	1.0	1.0
5491	2015-01-13	1.0	1.0
5492	2015-01-14	1.0	1.0
5493	2015-01-15	1.0	1.0
5494	2015-01-16	1.0	1.0
5495	2015-01-17	1.0	1.0
5496	2015-01-18	1.0	1.0
5497	2015-01-19	1.0	1.0
5498	2015-01-20	1.0	1.0
5499	2015-01-21	1.0	1.0
5500	2015-01-22	1.0	1.0
5501	2015-01-23	1.0	1.0
5502	2015-01-24	1.0	1.0
5503	2015-01-25	1.0	1.0
5504	2015-01-26	1.0	1.0
5505	2015-01-27	1.0	1.0
5506	2015-01-28	1.0	1.0
5507	2015-01-29	1.0	1.0
5508	2015-01-30	1.0	1.0
5509	2015-01-31	1.0	1.0
5510	2015-02-01	1.0	1.0
5511	2015-02-02	1.0	1.0
5512	2015-02-03	1.0	1.0
5513	2015-02-04	1.0	1.0
5514	2015-02-05	1.0	1.0
5515	2015-02-06	1.0	1.0
5516	2015-02-07	1.0	1.0
5517	2015-02-08	1.0	1.0
5518	2015-02-09	1.0	1.0
5519	2015-02-10	1.0	1.0
5520	2015-02-11	1.0	1.0
5521	2015-02-12	1.0	1.0
5522	2015-02-13	1.0	1.0
5523	2015-02-14	1.0	1.0
5524	2015-02-15	1.0	1.0
5525	2015-02-16	1.0	1.0
5526	2015-02-17	1.0	1.0
5527	2015-02-18	1.0	1.0
5528	2015-02-19	1.0	1.0
5529	2015-02-20	1.0	1.0
5530	2015-02-21	1.0	1.0
5531	2015-02-22	1.0	1.0
5532	2015-02-23	1.0	1.0
5533	2015-02-24	0.97	0.769230769231
5534	2015-02-25	1.0	1.0
5535	2015-02-26	1.0	1.0
5536	2015-02-27	1.0	1.0
5537	2015-02-28	1.0	1.0
5538	2015-03-01	1.0	1.0
5539	2015-03-02	1.0	1.0
5540	2015-03-03	1.0	1.0
5541	2015-03-04	1.0	1.0
5542	2015-03-05	1.0	1.0
5543	2015-03-06	1.0	1.0
5544	2015-03-07	1.0	1.0
5545	2015-03-08	1.0	1.0
5546	2015-03-09	1.0	1.0
5547	2015-03-10	1.0	1.0
5548	2015-03-11	1.0	1.0
5549	2015-03-12	1.0	1.0
5550	2015-03-13	1.0	1.0
5551	2015-03-14	1.0	1.0
5552	2015-03-15	1.0	1.0
5553	2015-03-16	1.0	1.0
5554	2015-03-17	1.0	1.0
5555	2015-03-18	1.0	1.0
5556	2015-03-19	1.0	1.0
5557	2015-03-20	1.0	1.0
5558	2015-03-21	1.0	1.0
5559	2015-03-22	1.0	1.0
5560	2015-03-23	1.0	1.0
5561	2015-03-24	1.0	1.0
5562	2015-03-25	0.97	0.769230769231
5563	2015-03-26	0.96	0.692307692308
5564	2015-03-27	0.94	0.538461538462
5565	2015-03-28	0.93	0.461538461538
5566	2015-03-29	0.94	0.538461538462
5567	2015-03-30	0.92	0.384615384615
5568	2015-03-31	0.93	0.461538461538
5569	2015-04-01	0.93	0.461538461538
5570	2015-04-02	0.94	0.538461538462
5571	2015-04-03	1.0	1.0
5572	2015-04-04	1.0	1.0
5573	2015-04-05	1.0	1.0
5574	2015-04-06	1.0	1.0
5575	2015-04-07	1.0	1.0
5576	2015-04-08	1.0	1.0
5577	2015-04-09	0.97	0.769230769231
5578	2015-04-10	0.96	0.692307692308
5579	2015-04-11	0.96	0.692307692308
5580	2015-04-12	1.0	1.0
5581	2015-04-13	0.96	0.692307692308
5582	2015-04-14	0.95	0.615384615385
5583	2015-04-15	0.93	0.461538461538
5584	2015-04-16	0.93	0.461538461538
5585	2015-04-17	0.93	0.461538461538
5586	2015-04-18	0.93	0.461538461538
5587	2015-04-19	0.94	0.538461538462
5588	2015-04-20	0.95	0.615384615385
5589	2015-04-21	0.95	0.615384615385
5590	2015-04-22	0.94	0.538461538462
5591	2015-04-23	0.93	0.461538461538
5592	2015-04-24	0.93	0.461538461538
5593	2015-04-25	0.94	0.538461538462
5594	2015-04-26	0.95	0.615384615385
5595	2015-04-27	0.96	0.692307692308
5596	2015-04-28	0.96	0.692307692308
5597	2015-04-29	0.95	0.615384615385
5598	2015-04-30	0.95	0.615384615385
5599	2015-05-01	0.97	0.769230769231
5600	2015-05-02	1.0	1.0
5601	2015-05-03	0.97	0.769230769231
5602	2015-05-04	0.95	0.615384615385
5603	2015-05-05	0.94	0.538461538462
5604	2015-05-06	0.94	0.538461538462
5605	2015-05-07	0.95	0.615384615385
5606	2015-05-08	0.94	0.538461538462
5607	2015-05-09	0.92	0.384615384615
5608	2015-05-10	0.92	0.384615384615
5609	2015-05-11	0.93	0.461538461538
5610	2015-05-12	0.93	0.461538461538
5611	2015-05-13	0.93	0.461538461538
5612	2015-05-14	0.92	0.384615384615
5613	2015-05-15	0.91	0.307692307692
5614	2015-05-16	0.91	0.307692307692
5615	2015-05-17	0.91	0.307692307692
5616	2015-05-18	0.92	0.384615384615
5617	2015-05-19	0.93	0.461538461538
5618	2015-05-20	0.93	0.461538461538
5619	2015-05-21	0.93	0.461538461538
5620	2015-05-22	0.92	0.384615384615
5621	2015-05-23	0.92	0.384615384615
5622	2015-05-24	0.91	0.307692307692
5623	2015-05-25	0.91	0.307692307692
5624	2015-05-26	0.91	0.307692307692
5625	2015-05-27	0.91	0.307692307692
5626	2015-05-28	0.93	0.461538461538
5627	2015-05-29	0.94	0.538461538462
5628	2015-05-30	0.93	0.461538461538
5629	2015-05-31	0.92	0.384615384615
5630	2015-06-01	0.92	0.384615384615
5631	2015-06-02	0.92	0.384615384615
5632	2015-06-03	0.91	0.307692307692
5633	2015-06-04	0.91	0.307692307692
5634	2015-06-05	0.91	0.307692307692
5635	2015-06-06	0.9	0.230769230769
5636	2015-06-07	0.9	0.230769230769
5637	2015-06-08	0.92	0.384615384615
5638	2015-06-09	0.96	0.692307692308
5639	2015-06-10	0.96	0.692307692308
5640	2015-06-11	0.95	0.615384615385
5641	2015-06-12	0.94	0.538461538462
5642	2015-06-13	0.93	0.461538461538
5643	2015-06-14	0.92	0.384615384615
5644	2015-06-15	0.91	0.307692307692
5645	2015-06-16	0.92	0.384615384615
5646	2015-06-17	0.92	0.384615384615
5647	2015-06-18	0.95	0.615384615385
5648	2015-06-19	0.94	0.538461538462
5649	2015-06-20	0.91	0.307692307692
5650	2015-06-21	0.91	0.307692307692
5651	2015-06-22	0.91	0.307692307692
5652	2015-06-23	0.9	0.230769230769
5653	2015-06-24	0.9	0.230769230769
5654	2015-06-25	0.9	0.230769230769
5655	2015-06-26	0.9	0.230769230769
5656	2015-06-27	0.9	0.230769230769
5657	2015-06-28	0.9	0.230769230769
5658	2015-06-29	0.9	0.230769230769
5659	2015-06-30	0.91	0.307692307692
5660	2015-07-01	0.9	0.230769230769
5661	2015-07-02	0.88	0.0769230769231
5662	2015-07-03	0.88	0.0769230769231
5663	2015-07-04	0.89	0.153846153846
5664	2015-07-05	0.89	0.153846153846
5665	2015-07-06	0.89	0.153846153846
5666	2015-07-07	0.89	0.153846153846
5667	2015-07-08	0.89	0.153846153846
5668	2015-07-09	0.89	0.153846153846
5669	2015-07-10	0.88	0.0769230769231
5670	2015-07-11	0.88	0.0769230769231
5671	2015-07-12	0.88	0.0769230769231
5672	2015-07-13	0.89	0.153846153846
5673	2015-07-14	0.89	0.153846153846
5674	2015-07-15	0.89	0.153846153846
5675	2015-07-16	0.89	0.153846153846
5676	2015-07-17	0.89	0.153846153846
5677	2015-07-18	0.89	0.153846153846
5678	2015-07-19	0.89	0.153846153846
5679	2015-07-20	0.89	0.153846153846
5680	2015-07-21	0.89	0.153846153846
5681	2015-07-22	0.89	0.153846153846
5682	2015-07-23	0.9	0.230769230769
5683	2015-07-24	0.9	0.230769230769
5684	2015-07-25	0.89	0.153846153846
5685	2015-07-26	0.89	0.153846153846
5686	2015-07-27	0.89	0.153846153846
5687	2015-07-28	0.89	0.153846153846
5688	2015-07-29	0.89	0.153846153846
5689	2015-07-30	0.89	0.153846153846
5690	2015-07-31	0.89	0.153846153846
5691	2015-08-01	0.9	0.230769230769
5692	2015-08-02	0.91	0.307692307692
5693	2015-08-03	0.9	0.230769230769
5694	2015-08-04	0.9	0.230769230769
5695	2015-08-05	0.9	0.230769230769
5696	2015-08-06	0.9	0.230769230769
5697	2015-08-07	0.9	0.230769230769
5698	2015-08-08	0.9	0.230769230769
5699	2015-08-09	0.89	0.153846153846
5700	2015-08-10	0.89	0.153846153846
5701	2015-08-11	0.89	0.153846153846
5702	2015-08-12	0.89	0.153846153846
5703	2015-08-13	0.89	0.153846153846
5704	2015-08-14	0.89	0.153846153846
5705	2015-08-15	0.89	0.153846153846
5706	2015-08-16	0.89	0.153846153846
5707	2015-08-17	0.89	0.153846153846
5708	2015-08-18	0.89	0.153846153846
5709	2015-08-19	0.91	0.307692307692
5710	2015-08-20	0.93	0.461538461538
5711	2015-08-21	0.92	0.384615384615
5712	2015-08-22	0.92	0.384615384615
5713	2015-08-23	0.92	0.384615384615
5714	2015-08-24	0.91	0.307692307692
5715	2015-08-25	0.91	0.307692307692
5716	2015-08-26	0.91	0.307692307692
5717	2015-08-27	0.91	0.307692307692
5718	2015-08-28	0.9	0.230769230769
5719	2015-08-29	0.9	0.230769230769
5720	2015-08-30	0.91	0.307692307692
5721	2015-08-31	0.91	0.307692307692
5722	2015-09-01	0.91	0.307692307692
5723	2015-09-02	0.91	0.307692307692
5724	2015-09-03	0.9	0.230769230769
5725	2015-09-04	0.9	0.230769230769
5726	2015-09-05	0.9	0.230769230769
5727	2015-09-06	0.91	0.307692307692
5728	2015-09-07	0.91	0.307692307692
5729	2015-09-08	0.91	0.307692307692
5730	2015-09-09	0.92	0.384615384615
5731	2015-09-10	0.92	0.384615384615
5732	2015-09-11	0.91	0.307692307692
5733	2015-09-12	0.92	0.384615384615
5734	2015-09-13	0.92	0.384615384615
5735	2015-09-14	0.92	0.384615384615
5736	2015-09-15	0.92	0.384615384615
5737	2015-09-16	0.91	0.307692307692
5738	2015-09-17	0.91	0.307692307692
5739	2015-09-18	0.91	0.307692307692
5740	2015-09-19	0.91	0.307692307692
5741	2015-09-20	0.91	0.307692307692
5742	2015-09-21	0.91	0.307692307692
5743	2015-09-22	0.91	0.307692307692
5744	2015-09-23	0.92	0.384615384615
5745	2015-09-24	0.96	0.692307692308
5746	2015-09-25	1.0	1.0
5747	2015-09-26	0.96	0.692307692308
5748	2015-09-27	0.94	0.538461538462
5749	2015-09-28	0.92	0.384615384615
5750	2015-09-29	0.92	0.384615384615
5751	2015-09-30	0.92	0.384615384615
5752	2015-10-01	0.92	0.384615384615
5753	2015-10-02	0.91	0.307692307692
5754	2015-10-03	0.91	0.307692307692
5755	2015-10-04	0.91	0.307692307692
5756	2015-10-05	0.92	0.384615384615
5757	2015-10-06	0.94	0.538461538462
5758	2015-10-07	0.95	0.615384615385
5759	2015-10-08	0.94	0.538461538462
5760	2015-10-09	0.94	0.538461538462
5761	2015-10-10	0.94	0.538461538462
5762	2015-10-11	0.94	0.538461538462
5763	2015-10-12	0.95	0.615384615385
5764	2015-10-13	0.96	0.692307692308
5765	2015-10-14	0.95	0.615384615385
5766	2015-10-15	0.95	0.615384615385
5767	2015-10-16	0.95	0.615384615385
5768	2015-10-17	0.93	0.461538461538
5769	2015-10-18	0.94	0.538461538462
5770	2015-10-19	1.0	1.0
5771	2015-10-20	1.0	1.0
5772	2015-10-21	0.96	0.692307692308
5773	2015-10-22	0.96	0.692307692308
5774	2015-10-23	0.95	0.615384615385
5775	2015-10-24	0.95	0.615384615385
5776	2015-10-25	1.0	1.0
5777	2015-10-26	1.0	1.0
5778	2015-10-27	1.0	1.0
5779	2015-10-28	1.0	1.0
5780	2015-10-29	0.95	0.615384615385
5781	2015-10-30	0.94	0.538461538462
5782	2015-10-31	0.92	0.384615384615
5783	2015-11-01	0.92	0.384615384615
5784	2015-11-02	0.93	0.461538461538
5785	2015-11-03	0.97	0.769230769231
5786	2015-11-04	1.0	1.0
5787	2015-11-05	1.0	1.0
5788	2015-11-06	1.0	1.0
5789	2015-11-07	1.0	1.0
5790	2015-11-08	1.0	1.0
5791	2015-11-09	1.0	1.0
5792	2015-11-10	1.0	1.0
5793	2015-11-11	1.0	1.0
5794	2015-11-12	1.0	1.0
5795	2015-11-13	1.0	1.0
5796	2015-11-14	1.0	1.0
5797	2015-11-15	1.0	1.0
5798	2015-11-16	1.0	1.0
5799	2015-11-17	1.0	1.0
5800	2015-11-18	1.0	1.0
5801	2015-11-19	1.0	1.0
5802	2015-11-20	1.0	1.0
5803	2015-11-21	1.0	1.0
5804	2015-11-22	1.0	1.0
5805	2015-11-23	1.0	1.0
5806	2015-11-24	1.0	1.0
5807	2015-11-25	1.0	1.0
5808	2015-11-26	1.0	1.0
5809	2015-11-27	1.0	1.0
5810	2015-11-28	0.97	0.769230769231
5811	2015-11-29	1.0	1.0
5812	2015-11-30	1.0	1.0
5813	2015-12-01	0.95	0.615384615385
5814	2015-12-02	1.0	1.0
5815	2015-12-03	1.0	1.0
5816	2015-12-04	1.0	1.0
5817	2015-12-05	1.0	1.0
5818	2015-12-06	1.0	1.0
5819	2015-12-07	1.0	1.0
5820	2015-12-08	1.0	1.0
5821	2015-12-09	1.0	1.0
5822	2015-12-10	1.0	1.0
5823	2015-12-11	1.0	1.0
5824	2015-12-12	1.0	1.0
5825	2015-12-13	1.0	1.0
5826	2015-12-14	1.0	1.0
5827	2015-12-15	1.0	1.0
5828	2015-12-16	1.0	1.0
5829	2015-12-17	1.0	1.0
5830	2015-12-18	1.0	1.0
5831	2015-12-19	1.0	1.0
5832	2015-12-20	0.93	0.461538461538
5833	2015-12-21	0.92	0.384615384615
5834	2015-12-22	0.92	0.384615384615
5835	2015-12-23	0.92	0.384615384615
5836	2015-12-24	0.96	0.692307692308
5837	2015-12-25	1.0	1.0
5838	2015-12-26	1.0	1.0
5839	2015-12-27	1.0	1.0
5840	2015-12-28	1.0	1.0
5841	2015-12-29	1.0	1.0
5842	2015-12-30	1.0	1.0
5843	2015-12-31	1.0	1.0
